retailer,region,catalogue_title,catalogue_start_date,catalogue_end_date,page_number,product_name,special_price,regular_price,save_amount,discount_percent,promo_type,pack_size,unit_price_text,offer_text,ocr_confidence,needs_review,review_reason,source_page_image,source_catalogue_url,price_source,price_evidence,evidence_count,verification_status
Coles,VIC METRO,"Coles Catalogue August 26 - September 2, 2025 VIC METRO",2025-08-26,2025-09-02,1,Arnott's Shapes Crackers 130g-190g,2.0,4.0,2.0,50.0,half_price,130g; 190g,,WASS$4 | WASS$4 | Arnott's Shapes Crackers | 130g-190g | 7,92.36,True,inferred_price_requires_review,https://caau.syd1.cdn.digitaloceanspaces.com/wp-content/uploads/catalogue/coles/coles-catalogue-august-26-september-2-2025-vic-metro/1.jpg,https://www.catalogueau.com/coles/#catalogue=coles/coles-catalogue-august-26-september-2-2025-vic-metro/,displayed_price,displayed_price;page_discount,1,review
Coles,VIC METRO,"Coles Catalogue August 26 - September 2, 2025 VIC METRO",2025-08-26,2025-09-02,1,Nescafé Coffee Sachets 8 Pack-10 Pack,4.0,8.0,4.0,50.0,half_price,8 Pack; 10 Pack,,WASS$8 | WASS$8 | Nescafé Coffee Sachets | 8 Pack-10 Pack | ymans | Ca,94.65,True,inferred_price_requires_review,https://caau.syd1.cdn.digitaloceanspaces.com/wp-content/uploads/catalogue/coles/coles-catalogue-august-26-september-2-2025-vic-metro/1.jpg,https://www.catalogueau.com/coles/#catalogue=coles/coles-catalogue-august-26-september-2-2025-vic-metro/,displayed_price,displayed_price;page_discount,1,review
Coles,VIC METRO,"Coles Catalogue August 26 - September 2, 2025 VIC METRO",2025-08-26,2025-09-02,1,Carman's Protein Bars 150g-200g,3.95,7.9,3.95,50.0,half_price,150g; 200g,,WASS7.90 | WASS7.90 | Carman's Protein Bars 150g-200g | *See page 31 forT&Cs,89.91,True,inferred_price_requires_review,https://caau.syd1.cdn.digitaloceanspaces.com/wp-content/uploads/catalogue/coles/coles-catalogue-august-26-september-2-2025-vic-metro/1.jpg,https://www.catalogueau.com/coles/#catalogue=coles/coles-catalogue-august-26-september-2-2025-vic-metro/,displayed_price,displayed_price;page_discount,1,review
Coles,VIC METRO,"Coles Catalogue August 26 - September 2, 2025 VIC METRO",2025-08-26,2025-09-02,1,Streets Magnum Sticks 4 Pack-6 Pack 360mL-428mL,6.0,12.0,6.0,50.0,half_price,4 Pack; 6 Pack; 360mL; 428mL,,WASS12 | WASS12 | Streets Magnum Sticks 4 Pack-6 Pack | 360mL-428mL | yee,92.99,True,inferred_price_requires_review,https://caau.syd1.cdn.digitaloceanspaces.com/wp-content/uploads/catalogue/coles/coles-catalogue-august-26-september-2-2025-vic-metro/1.jpg,https://www.catalogueau.com/coles/#catalogue=coles/coles-catalogue-august-26-september-2-2025-vic-metro/,displayed_price,displayed_price;page_discount,1,review
Coles,VIC METRO,"Coles Catalogue August 26 - September 2, 2025 VIC METRO",2025-08-26,2025-09-02,1,Coles Australian Pork Mince Regular 3 Star 500g,5.0,,,,special,500g,$10.00 per kg,Coles Australian Pork Mince Regular 3 Star | 500g $10.00 per kg | FP-VIC-METRO-2708-25-462959,96.36,False,,https://caau.syd1.cdn.digitaloceanspaces.com/wp-content/uploads/catalogue/coles/coles-catalogue-august-26-september-2-2025-vic-metro/1.jpg,https://www.catalogueau.com/coles/#catalogue=coles/coles-catalogue-august-26-september-2-2025-vic-metro/,displayed_price,displayed_price;unit_price,2,verified
Coles,VIC METRO,"Coles Catalogue August 26 - September 2, 2025 VIC METRO",2025-08-26,2025-09-02,2,Doritos or XXL Corn Chips 150g-170g,2.5,5.0,2.5,50.0,half_price,150g; 170g,,SAVES2.50 | WASS5 | Doritos or XXL Corn Chips | 150g-170g | is,93.68,False,,https://caau.syd1.cdn.digitaloceanspaces.com/wp-content/uploads/catalogue/coles/coles-catalogue-august-26-september-2-2025-vic-metro/2.jpg,https://www.catalogueau.com/coles/#catalogue=coles/coles-catalogue-august-26-september-2-2025-vic-metro/,save_was_arithmetic,displayed_price;save_was_arithmetic,2,verified
Coles,VIC METRO,"Coles Catalogue August 26 - September 2, 2025 VIC METRO",2025-08-26,2025-09-02,2,Arnott's Mint Slice or TeeVee Snacks Biscuits 175g-200g,2.75,5.5,2.75,50.0,half_price,175g; 200g,,SAVES2.75 | WASS5.50 | Arnott's Mint Slice or TeeVee | Snacks Biscuits 175g-200g,90.17,False,,https://caau.syd1.cdn.digitaloceanspaces.com/wp-content/uploads/catalogue/coles/coles-catalogue-august-26-september-2-2025-vic-metro/2.jpg,https://www.catalogueau.com/coles/#catalogue=coles/coles-catalogue-august-26-september-2-2025-vic-metro/,save_was_arithmetic,displayed_price;save_was_arithmetic,2,verified
Coles,VIC METRO,"Coles Catalogue August 26 - September 2, 2025 VIC METRO",2025-08-26,2025-09-02,2,"Coca-Cola, Fanta or Sprite Soft Drink 10x375mL",10.0,20.0,10.0,50.0,half_price,10x375mL,$2.67 per litre,"SAVE510 | WASS$20 | Coca-Cola, Fanta or Sprite | Soft Drink 10x375mL | $2.67 per litre",94.83,False,,https://caau.syd1.cdn.digitaloceanspaces.com/wp-content/uploads/catalogue/coles/coles-catalogue-august-26-september-2-2025-vic-metro/2.jpg,https://www.catalogueau.com/coles/#catalogue=coles/coles-catalogue-august-26-september-2-2025-vic-metro/,displayed_price,displayed_price;unit_price,2,verified
Coles,VIC METRO,"Coles Catalogue August 26 - September 2, 2025 VIC METRO",2025-08-26,2025-09-02,2,Nivea Antiperspirant Aerosol Deodorant 250mL,4.75,9.5,4.75,50.0,half_price,250mL,$1.90 per 100mL,SAVE%4.75 | WAS$9.50 | Nivea Antiperspirant | Aerosol Deodorant 250mL | $1.90 per 100mL,93.25,False,,https://caau.syd1.cdn.digitaloceanspaces.com/wp-content/uploads/catalogue/coles/coles-catalogue-august-26-september-2-2025-vic-metro/2.jpg,https://www.catalogueau.com/coles/#catalogue=coles/coles-catalogue-august-26-september-2-2025-vic-metro/,save_was_arithmetic,save_was_arithmetic;unit_price,2,verified
Coles,VIC METRO,"Coles Catalogue August 26 - September 2, 2025 VIC METRO",2025-08-26,2025-09-02,2,Oral B Pro 800 Black Electric Toothbrush 1 Pack,50.0,100.0,50.0,50.0,half_price,1 Pack,$50.00 per each,SAVE*50 | WASS100 | Oral B Pro 800 Black Electric | Toothbrush 1 Pack | $50.00 per each,96.08,False,,https://caau.syd1.cdn.digitaloceanspaces.com/wp-content/uploads/catalogue/coles/coles-catalogue-august-26-september-2-2025-vic-metro/2.jpg,https://www.catalogueau.com/coles/#catalogue=coles/coles-catalogue-august-26-september-2-2025-vic-metro/,save_was_arithmetic,displayed_price;save_was_arithmetic;unit_price,3,verified
Coles,VIC METRO,"Coles Catalogue August 26 - September 2, 2025 VIC METRO",2025-08-26,2025-09-02,2,Morning Fresh Dishwashing Liquid 900mL,5.0,10.0,5.0,50.0,half_price,900mL,$0.56 per 100mL,SAVES5 | WASS10 | Morning Fresh Dishwashing | Liquid 900mL $0.56 per 100mL,94.27,False,,https://caau.syd1.cdn.digitaloceanspaces.com/wp-content/uploads/catalogue/coles/coles-catalogue-august-26-september-2-2025-vic-metro/2.jpg,https://www.catalogueau.com/coles/#catalogue=coles/coles-catalogue-august-26-september-2-2025-vic-metro/,save_was_arithmetic,displayed_price;save_was_arithmetic;unit_price,3,verified
Coles,VIC METRO,"Coles Catalogue August 26 - September 2, 2025 VIC METRO",2025-08-26,2025-09-02,2,Bonds Kids Logo Ys Crew Socks Size 3-8 3 Pack,7.0,14.0,7.0,50.0,half_price,3 Pack,,SAVES7 | WASS14 | Bonds Kids Logo Ys Crew Socks | Size 3-8 3 Pack | VIC-METRO-2708-25-462959,95.36,False,,https://caau.syd1.cdn.digitaloceanspaces.com/wp-content/uploads/catalogue/coles/coles-catalogue-august-26-september-2-2025-vic-metro/2.jpg,https://www.catalogueau.com/coles/#catalogue=coles/coles-catalogue-august-26-september-2-2025-vic-metro/,save_was_arithmetic,displayed_price;save_was_arithmetic,2,verified
Coles,VIC METRO,"Coles Catalogue August 26 - September 2, 2025 VIC METRO",2025-08-26,2025-09-02,2,Huggies Ultra Dry Jumbo Nappy Pants 48 Pack-62 Pack,29.0,39.0,10.0,25.64,save_amount,48 Pack; 62 Pack,,SAVE510 | WAS $39 | Huggies Ultra Dry Jumbo Nappy Pants | 48 Pack-62 Pack | TExcludes Value Pack & clearance items | 2,94.84,True,single_price_evidence,https://caau.syd1.cdn.digitaloceanspaces.com/wp-content/uploads/catalogue/coles/coles-catalogue-august-26-september-2-2025-vic-metro/2.jpg,https://www.catalogueau.com/coles/#catalogue=coles/coles-catalogue-august-26-september-2-2025-vic-metro/,displayed_price,displayed_price,1,review
Coles,VIC METRO,"Coles Catalogue August 26 - September 2, 2025 VIC METRO",2025-08-26,2025-09-02,3,Poppin Microwave Popcorn 100g,1.0,2.0,1.0,50.0,half_price,100g,$1.00 per 100g,SAVES1 | WASS2 | Poppin Microwave Popcorn | 100g $1.00 | 100g $1.00 per 100g | per 100g,79.0,True,low_name_confidence_strict,https://caau.syd1.cdn.digitaloceanspaces.com/wp-content/uploads/catalogue/coles/coles-catalogue-august-26-september-2-2025-vic-metro/3.jpg,https://www.catalogueau.com/coles/#catalogue=coles/coles-catalogue-august-26-september-2-2025-vic-metro/,save_was_arithmetic,displayed_price;save_was_arithmetic;unit_price,3,review
Coles,VIC METRO,"Coles Catalogue August 26 - September 2, 2025 VIC METRO",2025-08-26,2025-09-02,3,Mars Chocolate Bar 30g-56g ee,1.25,2.5,1.25,50.0,half_price,30g; 56g,,SAVES1.25 | ‘WAS§2.50 | Mars Chocolate Bar 30g-56g | ee,67.34,True,low_name_confidence_strict;single_price_evidence,https://caau.syd1.cdn.digitaloceanspaces.com/wp-content/uploads/catalogue/coles/coles-catalogue-august-26-september-2-2025-vic-metro/3.jpg,https://www.catalogueau.com/coles/#catalogue=coles/coles-catalogue-august-26-september-2-2025-vic-metro/,save_was_arithmetic,save_was_arithmetic,1,review
Coles,VIC METRO,"Coles Catalogue August 26 - September 2, 2025 VIC METRO",2025-08-26,2025-09-02,3,"Violet Crumble, Whittaker's Slab or Cooks Scorched Peanut Bar 45g-50g",1.25,2.5,1.25,50.0,half_price,45g; 50g,,"SAVES1.25 | WASS$2.50 | Violet Crumble, Whittaker's | Slab or Cooks Scorched | Peanut Bar 45g-50g",93.49,False,,https://caau.syd1.cdn.digitaloceanspaces.com/wp-content/uploads/catalogue/coles/coles-catalogue-august-26-september-2-2025-vic-metro/3.jpg,https://www.catalogueau.com/coles/#catalogue=coles/coles-catalogue-august-26-september-2-2025-vic-metro/,save_was_arithmetic,displayed_price;save_was_arithmetic,2,verified
Coles,VIC METRO,"Coles Catalogue August 26 - September 2, 2025 VIC METRO",2025-08-26,2025-09-02,3,Oreo Creme Cookies 128g-131g,1.5,51.5,50.0,97.09,save_amount,128g; 131g,,SAVE].50 | Oreo Creme Cookies | 128g-131g,87.97,True,single_price_evidence,https://caau.syd1.cdn.digitaloceanspaces.com/wp-content/uploads/catalogue/coles/coles-catalogue-august-26-september-2-2025-vic-metro/3.jpg,https://www.catalogueau.com/coles/#catalogue=coles/coles-catalogue-august-26-september-2-2025-vic-metro/,displayed_price,displayed_price,1,review
Coles,VIC METRO,"Coles Catalogue August 26 - September 2, 2025 VIC METRO",2025-08-26,2025-09-02,3,The Natural Confectionery Co. 130g-230g or Sour Patch 190g,2.0,4.5,2.5,55.56,save_amount,130g; 230g; 190g,,SAVES2.50 | The Natural Confectionery Co. | 130g-230g or Sour Patch 190g,95.62,True,single_price_evidence,https://caau.syd1.cdn.digitaloceanspaces.com/wp-content/uploads/catalogue/coles/coles-catalogue-august-26-september-2-2025-vic-metro/3.jpg,https://www.catalogueau.com/coles/#catalogue=coles/coles-catalogue-august-26-september-2-2025-vic-metro/,displayed_price,displayed_price,1,review
Coles,VIC METRO,"Coles Catalogue August 26 - September 2, 2025 VIC METRO",2025-08-26,2025-09-02,3,Amott's Chocolate Scotch Finger or Milk Chocolate Royals Biscuits 200g-250g,2.75,5.5,2.75,50.0,half_price,200g; 250g,,SAVES2.75 | ‘WAS$5.50 | Amott's Chocolate Scotch | Finger or Milk Chocolate | Royals Biscuits 200g-250g,79.0,True,low_name_confidence_strict,https://caau.syd1.cdn.digitaloceanspaces.com/wp-content/uploads/catalogue/coles/coles-catalogue-august-26-september-2-2025-vic-metro/3.jpg,https://www.catalogueau.com/coles/#catalogue=coles/coles-catalogue-august-26-september-2-2025-vic-metro/,save_was_arithmetic,displayed_price;save_was_arithmetic,2,review
Coles,VIC METRO,"Coles Catalogue August 26 - September 2, 2025 VIC METRO",2025-08-26,2025-09-02,3,Violet Crumble Honeycomb 130g-150g,3.0,6.0,3.0,50.0,half_price,130g; 150g,,SAVES3 | WASS6 | Violet Crumble Honeycomb | 130g-150g | VIC-METRO-2708-25-462959,79.0,True,low_name_confidence_strict,https://caau.syd1.cdn.digitaloceanspaces.com/wp-content/uploads/catalogue/coles/coles-catalogue-august-26-september-2-2025-vic-metro/3.jpg,https://www.catalogueau.com/coles/#catalogue=coles/coles-catalogue-august-26-september-2-2025-vic-metro/,save_was_arithmetic,displayed_price;save_was_arithmetic,2,review
Coles,VIC METRO,"Coles Catalogue August 26 - September 2, 2025 VIC METRO",2025-08-26,2025-09-02,3,Red Rock Deli Potato Chips 150g-165g,3.15,6.3,3.15,50.0,half_price,150g; 165g,,SAVE*%3.15 | WASS6.30 | Red Rock Deli Potato Chips | 150g-165g,79.0,True,low_name_confidence_strict;single_price_evidence,https://caau.syd1.cdn.digitaloceanspaces.com/wp-content/uploads/catalogue/coles/coles-catalogue-august-26-september-2-2025-vic-metro/3.jpg,https://www.catalogueau.com/coles/#catalogue=coles/coles-catalogue-august-26-september-2-2025-vic-metro/,save_was_arithmetic,save_was_arithmetic,1,review
Coles,VIC METRO,"Coles Catalogue August 26 - September 2, 2025 VIC METRO",2025-08-26,2025-09-02,3,Mt Franklin Lightly Sparkling Water 10x375mL,10.0,20.0,10.0,50.0,half_price,10x375mL,$2.67 per litre,SAVES10 | Mt Franklin Lightly Sparkling | Water 10x375mL | $2.67 per litre,94.31,False,,https://caau.syd1.cdn.digitaloceanspaces.com/wp-content/uploads/catalogue/coles/coles-catalogue-august-26-september-2-2025-vic-metro/3.jpg,https://www.catalogueau.com/coles/#catalogue=coles/coles-catalogue-august-26-september-2-2025-vic-metro/,displayed_price,displayed_price;unit_price,2,verified
Coles,VIC METRO,"Coles Catalogue August 26 - September 2, 2025 VIC METRO",2025-08-26,2025-09-02,4,Continental Cup a Soup 2 Serves 50g-75g,1.4,2.8,1.4,50.0,half_price,50g; 75g,,SAVES1.40 | WASS2.80 | Continental Cup a Soup | 2 Serves 50g-75g,94.43,True,single_price_evidence,https://caau.syd1.cdn.digitaloceanspaces.com/wp-content/uploads/catalogue/coles/coles-catalogue-august-26-september-2-2025-vic-metro/4.jpg,https://www.catalogueau.com/coles/#catalogue=coles/coles-catalogue-august-26-september-2-2025-vic-metro/,save_was_arithmetic,save_was_arithmetic,1,review
Coles,VIC METRO,"Coles Catalogue August 26 - September 2, 2025 VIC METRO",2025-08-26,2025-09-02,4,John West Salmon 95g,1.65,3.3,1.65,50.0,half_price,95g,$17.37 per kg,SAVES1.65 | WASS$3.30 | John West Salmon 95g | $17.37 per kg | comet en | kK | “ | Gonseme,95.7,False,,https://caau.syd1.cdn.digitaloceanspaces.com/wp-content/uploads/catalogue/coles/coles-catalogue-august-26-september-2-2025-vic-metro/4.jpg,https://www.catalogueau.com/coles/#catalogue=coles/coles-catalogue-august-26-september-2-2025-vic-metro/,save_was_arithmetic,save_was_arithmetic;unit_price,2,verified
Coles,VIC METRO,"Coles Catalogue August 26 - September 2, 2025 VIC METRO",2025-08-26,2025-09-02,4,Ben's Original Flavoured Rice Pouch 240g-250g,2.0,4.0,2.0,50.0,half_price,240g; 250g,,SAVES2 | WASS4 | Ben's Original Flavoured Rice | Pouch 240g-250g | te | Kipling,94.33,False,,https://caau.syd1.cdn.digitaloceanspaces.com/wp-content/uploads/catalogue/coles/coles-catalogue-august-26-september-2-2025-vic-metro/4.jpg,https://www.catalogueau.com/coles/#catalogue=coles/coles-catalogue-august-26-september-2-2025-vic-metro/,save_was_arithmetic,displayed_price;save_was_arithmetic,2,verified
Coles,VIC METRO,"Coles Catalogue August 26 - September 2, 2025 VIC METRO",2025-08-26,2025-09-02,4,Golden Crumpet Rounds 6 Pack 300g,2.3,4.6,2.3,50.0,half_price,6 Pack; 300g,$0.77 per 100g,SAVE$2.30 | WASS4.60 | Golden Crumpet Rounds | 6 Pack 300g $0.77 per 100g | as,96.22,False,,https://caau.syd1.cdn.digitaloceanspaces.com/wp-content/uploads/catalogue/coles/coles-catalogue-august-26-september-2-2025-vic-metro/4.jpg,https://www.catalogueau.com/coles/#catalogue=coles/coles-catalogue-august-26-september-2-2025-vic-metro/,save_was_arithmetic,displayed_price;save_was_arithmetic;unit_price,3,verified
Coles,VIC METRO,"Coles Catalogue August 26 - September 2, 2025 VIC METRO",2025-08-26,2025-09-02,4,Mr. Kipling Cakes 150g-165g Ray,3.0,6.0,3.0,50.0,half_price,150g; 165g,,SAVES3 | WASS6 | Mr. Kipling Cakes 150g-165g | Ray | vA,64.8,True,low_name_confidence_strict,https://caau.syd1.cdn.digitaloceanspaces.com/wp-content/uploads/catalogue/coles/coles-catalogue-august-26-september-2-2025-vic-metro/4.jpg,https://www.catalogueau.com/coles/#catalogue=coles/coles-catalogue-august-26-september-2-2025-vic-metro/,save_was_arithmetic,displayed_price;save_was_arithmetic,2,review
Coles,VIC METRO,"Coles Catalogue August 26 - September 2, 2025 VIC METRO",2025-08-26,2025-09-02,4,Passage To India Simmer Sauce 375g,3.15,6.3,3.15,50.0,half_price,375g,$0.84 per 100g,SAVE 53.15 | WAS$6.30 | Passage To India Simmer | Sauce 375g $0.84 per 100g | ee. | = | He | ;,96.35,False,,https://caau.syd1.cdn.digitaloceanspaces.com/wp-content/uploads/catalogue/coles/coles-catalogue-august-26-september-2-2025-vic-metro/4.jpg,https://www.catalogueau.com/coles/#catalogue=coles/coles-catalogue-august-26-september-2-2025-vic-metro/,save_was_arithmetic,displayed_price;save_was_arithmetic;unit_price,3,verified
Coles,VIC METRO,"Coles Catalogue August 26 - September 2, 2025 VIC METRO",2025-08-26,2025-09-02,4,Moccona Liquid Espresso Coffee Sachets 8 Pack,4.3,8.6,4.3,50.0,half_price,8 Pack,$0.54 per each,SAVES4.30 | WASS$8.60 | Moccona Liquid Espresso | Coffee Sachets 8 Pack | $0.54 per each. | *See page 31 for T&Cs,95.63,False,,https://caau.syd1.cdn.digitaloceanspaces.com/wp-content/uploads/catalogue/coles/coles-catalogue-august-26-september-2-2025-vic-metro/4.jpg,https://www.catalogueau.com/coles/#catalogue=coles/coles-catalogue-august-26-september-2-2025-vic-metro/,save_was_arithmetic,save_was_arithmetic;unit_price,2,verified
Coles,VIC METRO,"Coles Catalogue August 26 - September 2, 2025 VIC METRO",2025-08-26,2025-09-02,4,Kellogg's Nutri Grain 470g or Special K Cereal 500g,4.5,9.0,4.5,50.0,half_price,470g; 500g,,SAVES4.50 | Kellogg's Nutri Grain 470g | or Special K Cereal 500g | VIC-METRO-2708-25-462959,95.38,True,single_price_evidence,https://caau.syd1.cdn.digitaloceanspaces.com/wp-content/uploads/catalogue/coles/coles-catalogue-august-26-september-2-2025-vic-metro/4.jpg,https://www.catalogueau.com/coles/#catalogue=coles/coles-catalogue-august-26-september-2-2025-vic-metro/,displayed_price,displayed_price,1,review
Coles,VIC METRO,"Coles Catalogue August 26 - September 2, 2025 VIC METRO",2025-08-26,2025-09-02,4,Twinings Tea Bags 80 Pack-100 Pack,6.75,13.5,6.75,50.0,half_price,80 Pack; 100 Pack,,SAVES6.75 | ‘WAS$13.50 | Twinings Tea Bags | 80 Pack-100 Pack,94.84,True,single_price_evidence,https://caau.syd1.cdn.digitaloceanspaces.com/wp-content/uploads/catalogue/coles/coles-catalogue-august-26-september-2-2025-vic-metro/4.jpg,https://www.catalogueau.com/coles/#catalogue=coles/coles-catalogue-august-26-september-2-2025-vic-metro/,save_was_arithmetic,save_was_arithmetic,1,review
Coles,VIC METRO,"Coles Catalogue August 26 - September 2, 2025 VIC METRO",2025-08-26,2025-09-02,5,Colgate Sensitive Pro Relief Whitening or Multi Protection Toothpaste 110g,5.5,11.0,5.5,50.0,half_price,110g,,SAVE*5.50 | WASS11 | Colgate Sensitive Pro Relief | Whitening or Multi Protection | Toothpaste 110g $5.00 per | 100g. *See page 31 forT&Cs,96.34,True,single_price_evidence,https://caau.syd1.cdn.digitaloceanspaces.com/wp-content/uploads/catalogue/coles/coles-catalogue-august-26-september-2-2025-vic-metro/5.jpg,https://www.catalogueau.com/coles/#catalogue=coles/coles-catalogue-august-26-september-2-2025-vic-metro/,save_was_arithmetic,save_was_arithmetic,1,review
Coles,VIC METRO,"Coles Catalogue August 26 - September 2, 2025 VIC METRO",2025-08-26,2025-09-02,5,Listerine Freshburst or Freshburst Zero Mouthwash 500mL,4.0,8.0,4.0,50.0,half_price,500mL,$0.80 per 100mL,SAVES4 | WASS8 | Listerine Freshburst or | Freshburst Zero Mouthwash | 500mL $0.80 per 100mL,92.62,False,,https://caau.syd1.cdn.digitaloceanspaces.com/wp-content/uploads/catalogue/coles/coles-catalogue-august-26-september-2-2025-vic-metro/5.jpg,https://www.catalogueau.com/coles/#catalogue=coles/coles-catalogue-august-26-september-2-2025-vic-metro/,save_was_arithmetic,displayed_price;save_was_arithmetic;unit_price,3,verified
Coles,VIC METRO,"Coles Catalogue August 26 - September 2, 2025 VIC METRO",2025-08-26,2025-09-02,5,Nature's Own Glucosamine Sulfate with Chondroitin Tablets 200 Pack*,18.0,36.0,18.0,50.0,half_price,200 Pack,$9.00 per 100 each,SAVE‘18 | ‘WAS$36 | Nature's Own Glucosamine | Sulfate with Chondroitin | Tablets 200 Pack* | $9.00 per 100 each,95.3,False,,https://caau.syd1.cdn.digitaloceanspaces.com/wp-content/uploads/catalogue/coles/coles-catalogue-august-26-september-2-2025-vic-metro/5.jpg,https://www.catalogueau.com/coles/#catalogue=coles/coles-catalogue-august-26-september-2-2025-vic-metro/,save_was_arithmetic,displayed_price;save_was_arithmetic;unit_price,3,verified
Coles,VIC METRO,"Coles Catalogue August 26 - September 2, 2025 VIC METRO",2025-08-26,2025-09-02,5,Olay Moisturising Cream 100g or Lotion 150mL,8.0,16.0,8.0,50.0,half_price,100g; 150mL,,SAVES8 | WASS16 | Olay Moisturising Cream 100g | or Lotion 150mL,94.35,False,,https://caau.syd1.cdn.digitaloceanspaces.com/wp-content/uploads/catalogue/coles/coles-catalogue-august-26-september-2-2025-vic-metro/5.jpg,https://www.catalogueau.com/coles/#catalogue=coles/coles-catalogue-august-26-september-2-2025-vic-metro/,save_was_arithmetic,displayed_price;save_was_arithmetic,2,verified
Coles,VIC METRO,"Coles Catalogue August 26 - September 2, 2025 VIC METRO",2025-08-26,2025-09-02,5,Nature's Own Vitamin B12 1000mcg Tablets 150 Pack*,19.25,38.5,19.25,50.0,half_price,150 Pack,$12.83 per 100 each,SAVE%19.25 | WAS $38.50 | Nature's Own Vitamin B12 | 1000mcg Tablets 150 Pack* | $12.83 per 100 each,94.48,False,,https://caau.syd1.cdn.digitaloceanspaces.com/wp-content/uploads/catalogue/coles/coles-catalogue-august-26-september-2-2025-vic-metro/5.jpg,https://www.catalogueau.com/coles/#catalogue=coles/coles-catalogue-august-26-september-2-2025-vic-metro/,save_was_arithmetic,save_was_arithmetic;unit_price,2,verified
Coles,VIC METRO,"Coles Catalogue August 26 - September 2, 2025 VIC METRO",2025-08-26,2025-09-02,5,Blackmores Super Magnesium+ Tablets 100 Pack*,17.0,34.0,17.0,50.0,half_price,100 Pack,$17.00 per 100 each,SAVES17 | WAS$34 | Blackmores Super | Magnesium+ Tablets | 100 Pack* | $17.00 per 100 each,93.25,False,,https://caau.syd1.cdn.digitaloceanspaces.com/wp-content/uploads/catalogue/coles/coles-catalogue-august-26-september-2-2025-vic-metro/5.jpg,https://www.catalogueau.com/coles/#catalogue=coles/coles-catalogue-august-26-september-2-2025-vic-metro/,save_was_arithmetic,displayed_price;save_was_arithmetic;unit_price,3,verified
Coles,VIC METRO,"Coles Catalogue August 26 - September 2, 2025 VIC METRO",2025-08-26,2025-09-02,5,Cenovis Sugarless C 500mg Tablets 160 Pack*,8.0,16.0,8.0,50.0,half_price,160 Pack,$5.00 per 100 each,SAVES8 | ‘WASSI6 | Cenovis Sugarless C 500mg | Tablets 160 Pack* | $5.00 per 100 each,93.24,False,,https://caau.syd1.cdn.digitaloceanspaces.com/wp-content/uploads/catalogue/coles/coles-catalogue-august-26-september-2-2025-vic-metro/5.jpg,https://www.catalogueau.com/coles/#catalogue=coles/coles-catalogue-august-26-september-2-2025-vic-metro/,save_was_arithmetic,displayed_price;save_was_arithmetic;unit_price,3,verified
Coles,VIC METRO,"Coles Catalogue August 26 - September 2, 2025 VIC METRO",2025-08-26,2025-09-02,5,Blackmores Odourless Fish Oil Capsules 400 Pack*,35.0,70.0,35.0,50.0,half_price,400 Pack,$8.75 per 100 each,SAVES35 | ‘Was$70 | Blackmores Odourless Fish | Oil Capsules 400 Pack* | $8.75 per 100 each,93.7,False,,https://caau.syd1.cdn.digitaloceanspaces.com/wp-content/uploads/catalogue/coles/coles-catalogue-august-26-september-2-2025-vic-metro/5.jpg,https://www.catalogueau.com/coles/#catalogue=coles/coles-catalogue-august-26-september-2-2025-vic-metro/,save_was_arithmetic,displayed_price;save_was_arithmetic;unit_price,3,verified
Coles,VIC METRO,"Coles Catalogue August 26 - September 2, 2025 VIC METRO",2025-08-26,2025-09-02,5,Nivea Antiperspirant Roll On Deodorant 50mL,2.5,5.0,2.5,50.0,half_price,50mL,$5.00 per 100mL,Nivea Antiperspirant Roll On | Deodorant 50mL | $5.00 per 100mL,92.89,True,offer_labels_missing;regular_and_save_inferred_from_half_price,https://caau.syd1.cdn.digitaloceanspaces.com/wp-content/uploads/catalogue/coles/coles-catalogue-august-26-september-2-2025-vic-metro/5.jpg,https://www.catalogueau.com/coles/#catalogue=coles/coles-catalogue-august-26-september-2-2025-vic-metro/,displayed_price,displayed_price;grid_inference;unit_price,2,review
Coles,VIC METRO,"Coles Catalogue August 26 - September 2, 2025 VIC METRO",2025-08-26,2025-09-02,6,Carefree Original Unscented Liners 30 Pack,2.75,5.5,2.75,50.0,half_price,30 Pack,$0.09 per each,SAVES2.75 | WAS$5.50 | Carefree Original Unscented | Liners 30 Pack $0.09 per each,96.49,False,,https://caau.syd1.cdn.digitaloceanspaces.com/wp-content/uploads/catalogue/coles/coles-catalogue-august-26-september-2-2025-vic-metro/6.jpg,https://www.catalogueau.com/coles/#catalogue=coles/coles-catalogue-august-26-september-2-2025-vic-metro/,save_was_arithmetic,displayed_price;save_was_arithmetic,2,verified
Coles,VIC METRO,"Coles Catalogue August 26 - September 2, 2025 VIC METRO",2025-08-26,2025-09-02,6,Olay Complete Defence Sensitive Moisturising Lotion 75mL,8.0,116.0,108.0,93.1,save_amount,75mL,$10.67 per 100mL,SAVES8 | WASSI16 | Olay Complete Defence | Sensitive Moisturising Lotion | 75mL $10.67 per 100mL | Ta | al,94.46,False,,https://caau.syd1.cdn.digitaloceanspaces.com/wp-content/uploads/catalogue/coles/coles-catalogue-august-26-september-2-2025-vic-metro/6.jpg,https://www.catalogueau.com/coles/#catalogue=coles/coles-catalogue-august-26-september-2-2025-vic-metro/,displayed_price,displayed_price;unit_price,2,verified
Coles,VIC METRO,"Coles Catalogue August 26 - September 2, 2025 VIC METRO",2025-08-26,2025-09-02,6,Rimmel BB Cream 30mL,8.5,17.0,8.5,50.0,half_price,30mL,,SAVE*8.50 | WASS17 | Rimmel BB Cream 30mL | $2.83 per 10mL | al,94.0,True,single_price_evidence,https://caau.syd1.cdn.digitaloceanspaces.com/wp-content/uploads/catalogue/coles/coles-catalogue-august-26-september-2-2025-vic-metro/6.jpg,https://www.catalogueau.com/coles/#catalogue=coles/coles-catalogue-august-26-september-2-2025-vic-metro/,save_was_arithmetic,save_was_arithmetic,1,review
Coles,VIC METRO,"Coles Catalogue August 26 - September 2, 2025 VIC METRO",2025-08-26,2025-09-02,6,Rimmel Wonder Bond Mascara 11mL,11.5,23.0,11.5,50.0,half_price,11mL,,SAVESTIS0) |° | WASS23 | Rimmel Wonder Bond Mascara | 11mL $10.45 per 10mL,93.31,True,single_price_evidence,https://caau.syd1.cdn.digitaloceanspaces.com/wp-content/uploads/catalogue/coles/coles-catalogue-august-26-september-2-2025-vic-metro/6.jpg,https://www.catalogueau.com/coles/#catalogue=coles/coles-catalogue-august-26-september-2-2025-vic-metro/,displayed_price,displayed_price,1,review
Coles,VIC METRO,"Coles Catalogue August 26 - September 2, 2025 VIC METRO",2025-08-26,2025-09-02,6,Herbal Essences Bio Renew Shampoo or Conditioner 600mL,9.5,19.0,9.5,50.0,half_price,600mL,$1.58 per 100mL,SAVES9.50 | ‘WASS19 | | Herbal Essences Bio Renew | Shampoo or Conditioner 600mL | $1.58 per 100mL,95.21,False,,https://caau.syd1.cdn.digitaloceanspaces.com/wp-content/uploads/catalogue/coles/coles-catalogue-august-26-september-2-2025-vic-metro/6.jpg,https://www.catalogueau.com/coles/#catalogue=coles/coles-catalogue-august-26-september-2-2025-vic-metro/,save_was_arithmetic,displayed_price;save_was_arithmetic;unit_price,3,verified
Coles,VIC METRO,"Coles Catalogue August 26 - September 2, 2025 VIC METRO",2025-08-26,2025-09-02,6,Pantene Hyaluron Hydration Lock Hair,7.5,65.0,57.5,88.46,save_amount,,,SAVE57.50 | WAS | _ | Pantene Hyaluron | Hydration Lock Hair | 4s | Ge | Serum 140m,94.34,True,single_price_evidence,https://caau.syd1.cdn.digitaloceanspaces.com/wp-content/uploads/catalogue/coles/coles-catalogue-august-26-september-2-2025-vic-metro/6.jpg,https://www.catalogueau.com/coles/#catalogue=coles/coles-catalogue-august-26-september-2-2025-vic-metro/,displayed_price,displayed_price,1,review
Coles,VIC METRO,"Coles Catalogue August 26 - September 2, 2025 VIC METRO",2025-08-26,2025-09-02,6,Pantene Miracles ih,6.5,13.0,6.5,50.0,half_price,,,SAVE°6.50 | WASS13 | SS | Pantene Miracles | ih | Hyaluron | Shampoo 375mL | 4,61.84,True,low_name_confidence_strict,https://caau.syd1.cdn.digitaloceanspaces.com/wp-content/uploads/catalogue/coles/coles-catalogue-august-26-september-2-2025-vic-metro/6.jpg,https://www.catalogueau.com/coles/#catalogue=coles/coles-catalogue-august-26-september-2-2025-vic-metro/,save_was_arithmetic,displayed_price;save_was_arithmetic,2,review
Coles,VIC METRO,"Coles Catalogue August 26 - September 2, 2025 VIC METRO",2025-08-26,2025-09-02,6,John Frieda Violet Crush Tone Refresh Shampoo or Conditioner 250mL,10.5,21.0,10.5,50.0,half_price,250mL,$4.20 per 100mL,John Frieda Violet Crush Tone | Refresh Shampoo or Conditioner | 250mL $4.20 per 100mL | PANTENE MIRACLES,95.16,True,offer_labels_missing;regular_and_save_inferred_from_half_price;inferred_price_requires_review,https://caau.syd1.cdn.digitaloceanspaces.com/wp-content/uploads/catalogue/coles/coles-catalogue-august-26-september-2-2025-vic-metro/6.jpg,https://www.catalogueau.com/coles/#catalogue=coles/coles-catalogue-august-26-september-2-2025-vic-metro/,unit_price,grid_inference;unit_price,1,review
Coles,VIC METRO,"Coles Catalogue August 26 - September 2, 2025 VIC METRO",2025-08-26,2025-09-02,6,Pantene Miracles Hyaluron Shampoo 375mL,6.5,13.0,6.5,50.0,half_price,375mL,,Pantene Miracles | Hyaluron | Shampoo 375mL | or Conditioner | 350mL | mi,79.0,True,offer_labels_missing;low_name_confidence_strict;single_price_evidence,https://caau.syd1.cdn.digitaloceanspaces.com/wp-content/uploads/catalogue/coles/coles-catalogue-august-26-september-2-2025-vic-metro/6.jpg,https://www.catalogueau.com/coles/#catalogue=coles/coles-catalogue-august-26-september-2-2025-vic-metro/,displayed_price,displayed_price,1,review
Coles,VIC METRO,"Coles Catalogue August 26 - September 2, 2025 VIC METRO",2025-08-26,2025-09-02,7,Radiant Laundry Liquid 1 Litre,5.5,11.0,5.5,50.0,half_price,1 Litre,$5.50 per litre,WASS11 | WASS11 | Radiant Laundry Liquid 1 Litre | $5.50 per litre | pL,95.91,True,inferred_price_requires_review,https://caau.syd1.cdn.digitaloceanspaces.com/wp-content/uploads/catalogue/coles/coles-catalogue-august-26-september-2-2025-vic-metro/7.jpg,https://www.catalogueau.com/coles/#catalogue=coles/coles-catalogue-august-26-september-2-2025-vic-metro/,unit_price,page_discount;unit_price,1,review
Coles,VIC METRO,"Coles Catalogue August 26 - September 2, 2025 VIC METRO",2025-08-26,2025-09-02,7,Biozet Attack Regular Laundry Liquid 2 Litre or Powder 2kg,12.0,24.0,12.0,50.0,half_price,2 Litre; 2kg,,WAS$24 | WAS$24 | Biozet Attack Regular Laundry | Liquid 2 Litre or Powder 2kg,95.51,True,inferred_price_requires_review,https://caau.syd1.cdn.digitaloceanspaces.com/wp-content/uploads/catalogue/coles/coles-catalogue-august-26-september-2-2025-vic-metro/7.jpg,https://www.catalogueau.com/coles/#catalogue=coles/coles-catalogue-august-26-september-2-2025-vic-metro/,displayed_price,displayed_price;page_discount,1,review
Coles,VIC METRO,"Coles Catalogue August 26 - September 2, 2025 VIC METRO",2025-08-26,2025-09-02,7,Downy Concentrate Fabric Conditioner 800mL,6.5,13.0,6.5,50.0,half_price,800mL,,WASS13 | WASS13 | Downy Concentrate Fabric | Conditioner 800mL $8.13 per | litre. 2nd week on sale,95.11,True,inferred_price_requires_review,https://caau.syd1.cdn.digitaloceanspaces.com/wp-content/uploads/catalogue/coles/coles-catalogue-august-26-september-2-2025-vic-metro/7.jpg,https://www.catalogueau.com/coles/#catalogue=coles/coles-catalogue-august-26-september-2-2025-vic-metro/,displayed_price,displayed_price;page_discount,1,review
Coles,VIC METRO,"Coles Catalogue August 26 - September 2, 2025 VIC METRO",2025-08-26,2025-09-02,7,Omo Laundry 3 in 1 Laundry Capsules 17 Pack,11.5,23.0,11.5,50.0,half_price,17 Pack,$0.68 per each,‘WASS23 | ‘WASS23 | Omo Laundry 3 in 1 | Laundry Capsules 17 Pack | $0.68 per each,92.33,True,inferred_price_requires_review,https://caau.syd1.cdn.digitaloceanspaces.com/wp-content/uploads/catalogue/coles/coles-catalogue-august-26-september-2-2025-vic-metro/7.jpg,https://www.catalogueau.com/coles/#catalogue=coles/coles-catalogue-august-26-september-2-2025-vic-metro/,displayed_price,displayed_price;page_discount,1,review
Coles,VIC METRO,"Coles Catalogue August 26 - September 2, 2025 VIC METRO",2025-08-26,2025-09-02,7,Dynamo Professional Laundry Liquid 2 Litre,14.5,29.0,14.5,50.0,half_price,2 Litre,$7.25 per litre,WAS$29 | WAS$29 | Dynamo Professional Laundry | Liquid 2 Litre $7.25 per litre | *See page 31 for T&Cs,96.31,True,inferred_price_requires_review,https://caau.syd1.cdn.digitaloceanspaces.com/wp-content/uploads/catalogue/coles/coles-catalogue-august-26-september-2-2025-vic-metro/7.jpg,https://www.catalogueau.com/coles/#catalogue=coles/coles-catalogue-august-26-september-2-2025-vic-metro/,unit_price,page_discount;unit_price,1,review
Coles,VIC METRO,"Coles Catalogue August 26 - September 2, 2025 VIC METRO",2025-08-26,2025-09-02,7,Vanish Gold Oxi Action Stain Remover 450mL,4.75,9.5,4.75,50.0,half_price,450mL,,WASS9.50 | WASS9.50 | Vanish Gold Oxi Action Stain | Remover 450mL $10.56 per | litre. *See page 31 for T&Cs,95.17,True,inferred_price_requires_review,https://caau.syd1.cdn.digitaloceanspaces.com/wp-content/uploads/catalogue/coles/coles-catalogue-august-26-september-2-2025-vic-metro/7.jpg,https://www.catalogueau.com/coles/#catalogue=coles/coles-catalogue-august-26-september-2-2025-vic-metro/,page_discount_inference,page_discount,0,review
Coles,VIC METRO,"Coles Catalogue August 26 - September 2, 2025 VIC METRO",2025-08-26,2025-09-02,8,Dettol Multipurpose Disinfectant Wipes 110 Pack,6.0,12.0,6.0,50.0,half_price,110 Pack,$0.05 per each,WASS12 | WASS12 | Dettol Multipurpose | Disinfectant Wipes 110 Pack | $0.05 per each. | *See page 31 for T&Cs,95.59,True,inferred_price_requires_review,https://caau.syd1.cdn.digitaloceanspaces.com/wp-content/uploads/catalogue/coles/coles-catalogue-august-26-september-2-2025-vic-metro/8.jpg,https://www.catalogueau.com/coles/#catalogue=coles/coles-catalogue-august-26-september-2-2025-vic-metro/,page_discount_inference,page_discount,0,review
Coles,VIC METRO,"Coles Catalogue August 26 - September 2, 2025 VIC METRO",2025-08-26,2025-09-02,8,Fairy Platinum Dishwashing Tablets 52 Pack,23.0,46.0,23.0,50.0,half_price,52 Pack,,SAVES23 | Fairy Platinum Dishwashing | Tablets 52 Pack $0.44 per | each. *See page 31 for T&Cs,96.56,True,single_price_evidence,https://caau.syd1.cdn.digitaloceanspaces.com/wp-content/uploads/catalogue/coles/coles-catalogue-august-26-september-2-2025-vic-metro/8.jpg,https://www.catalogueau.com/coles/#catalogue=coles/coles-catalogue-august-26-september-2-2025-vic-metro/,displayed_price,displayed_price,1,review
Coles,VIC METRO,"Coles Catalogue August 26 - September 2, 2025 VIC METRO",2025-08-26,2025-09-02,8,Air Wick Pure Ultimate Getaways Aerosol Air Freshener 159g,4.0,8.0,4.0,50.0,half_price,159g,$2.52 per 100g,SAVES4 | WASS$8 | Air Wick Pure Ultimate | Getaways Aerosol Air | Freshener 159g $2.52 per 100g | -,96.05,False,,https://caau.syd1.cdn.digitaloceanspaces.com/wp-content/uploads/catalogue/coles/coles-catalogue-august-26-september-2-2025-vic-metro/8.jpg,https://www.catalogueau.com/coles/#catalogue=coles/coles-catalogue-august-26-september-2-2025-vic-metro/,save_was_arithmetic,displayed_price;save_was_arithmetic;unit_price,3,verified
Coles,VIC METRO,"Coles Catalogue August 26 - September 2, 2025 VIC METRO",2025-08-26,2025-09-02,8,Finish Rinse & Shine Aid 250mL,4.0,8.0,4.0,50.0,half_price,250mL,$1.60 per 100mL,SAVE%4 | WASS8 | Finish Rinse & Shine Aid | 250mL $1.60 per 100mL,94.21,False,,https://caau.syd1.cdn.digitaloceanspaces.com/wp-content/uploads/catalogue/coles/coles-catalogue-august-26-september-2-2025-vic-metro/8.jpg,https://www.catalogueau.com/coles/#catalogue=coles/coles-catalogue-august-26-september-2-2025-vic-metro/,save_was_arithmetic,displayed_price;save_was_arithmetic;unit_price,3,verified
Coles,VIC METRO,"Coles Catalogue August 26 - September 2, 2025 VIC METRO",2025-08-26,2025-09-02,8,Glen 20 Gold 24h Protection Disinfectant Spray 300g,5.75,11.5,5.75,50.0,half_price,300g,$1.92 per 100g,SAVE*5.75 | WASS11.50 | Glen 20 Gold 24h Protection | Disinfectant Spray 300g | $1.92 per 100g,79.0,True,low_name_confidence_strict,https://caau.syd1.cdn.digitaloceanspaces.com/wp-content/uploads/catalogue/coles/coles-catalogue-august-26-september-2-2025-vic-metro/8.jpg,https://www.catalogueau.com/coles/#catalogue=coles/coles-catalogue-august-26-september-2-2025-vic-metro/,save_was_arithmetic,displayed_price;save_was_arithmetic;unit_price,3,review
Coles,VIC METRO,"Coles Catalogue August 26 - September 2, 2025 VIC METRO",2025-08-26,2025-09-02,8,Air Wick Scented Oil Plu In Diffuser + Refill 19mL,8.0,16.0,8.0,50.0,half_price,19mL,,SAVES8 | ‘WASSI6 | Air Wick Scented Oil Plu | In | Diffuser + Refill 19mL $8.00 per | each. On sale for 2 weeks,79.0,True,low_name_confidence_strict,https://caau.syd1.cdn.digitaloceanspaces.com/wp-content/uploads/catalogue/coles/coles-catalogue-august-26-september-2-2025-vic-metro/8.jpg,https://www.catalogueau.com/coles/#catalogue=coles/coles-catalogue-august-26-september-2-2025-vic-metro/,save_was_arithmetic,displayed_price;save_was_arithmetic,2,review
Coles,VIC METRO,"Coles Catalogue August 26 - September 2, 2025 VIC METRO",2025-08-26,2025-09-02,8,Air Wick Active Fresh Aerosol-Free Automatic Spray 228mL,13.0,26.0,13.0,50.0,half_price,228mL,$5.70 per 100mL,SAVES13 | WASS26 | Air Wick Active Fresh | Aerosol-Free Automatic Spray | 228mL $5.70 per 100mL,94.28,False,,https://caau.syd1.cdn.digitaloceanspaces.com/wp-content/uploads/catalogue/coles/coles-catalogue-august-26-september-2-2025-vic-metro/8.jpg,https://www.catalogueau.com/coles/#catalogue=coles/coles-catalogue-august-26-september-2-2025-vic-metro/,save_was_arithmetic,displayed_price;save_was_arithmetic;unit_price,3,verified
Coles,VIC METRO,"Coles Catalogue August 26 - September 2, 2025 VIC METRO",2025-08-26,2025-09-02,8,Jif Cream Cleanser 500mL,2.4,,,,special,500mL,$0.48 per 100mL,Jif Cream Cleanser 500mL | $0.48 per 100mL,93.99,False,,https://caau.syd1.cdn.digitaloceanspaces.com/wp-content/uploads/catalogue/coles/coles-catalogue-august-26-september-2-2025-vic-metro/8.jpg,https://www.catalogueau.com/coles/#catalogue=coles/coles-catalogue-august-26-september-2-2025-vic-metro/,displayed_price,displayed_price;unit_price,2,verified
Coles,VIC METRO,"Coles Catalogue August 26 - September 2, 2025 VIC METRO",2025-08-26,2025-09-02,9,Coles Ultra Fabric Conditioner 1 Litre,4.0,,,,everyday,1 Litre,$4.00 per litre,Coles Ultra Fabric Conditioner | 1 Litre $4.00 per litre,79.0,True,low_name_confidence_strict,https://caau.syd1.cdn.digitaloceanspaces.com/wp-content/uploads/catalogue/coles/coles-catalogue-august-26-september-2-2025-vic-metro/9.jpg,https://www.catalogueau.com/coles/#catalogue=coles/coles-catalogue-august-26-september-2-2025-vic-metro/,displayed_price,displayed_price;unit_price,2,review
Coles,VIC METRO,"Coles Catalogue August 26 - September 2, 2025 VIC METRO",2025-08-26,2025-09-02,9,Coles Ultra Laundry Stain Remover Powder 1kg,3.9,,,,everyday,1kg,$3.90 per kg,Coles Ultra Laundry Stain | Remover Powder 1kg | $3.90 per kg,94.92,False,,https://caau.syd1.cdn.digitaloceanspaces.com/wp-content/uploads/catalogue/coles/coles-catalogue-august-26-september-2-2025-vic-metro/9.jpg,https://www.catalogueau.com/coles/#catalogue=coles/coles-catalogue-august-26-september-2-2025-vic-metro/,displayed_price,displayed_price;unit_price,2,verified
Coles,VIC METRO,"Coles Catalogue August 26 - September 2, 2025 VIC METRO",2025-08-26,2025-09-02,9,Coles Ultra Antibacterial Multipurpose Biodegradable Wipes 100 Pack,4.0,,,,everyday,100 Pack,$0.04 per each,Coles Ultra Antibacterial | Multipurpose Biodegradable | Wipes 100 Pack $0.04 per each,96.24,True,single_price_evidence,https://caau.syd1.cdn.digitaloceanspaces.com/wp-content/uploads/catalogue/coles/coles-catalogue-august-26-september-2-2025-vic-metro/9.jpg,https://www.catalogueau.com/coles/#catalogue=coles/coles-catalogue-august-26-september-2-2025-vic-metro/,displayed_price,displayed_price,1,review
Coles,VIC METRO,"Coles Catalogue August 26 - September 2, 2025 VIC METRO",2025-08-26,2025-09-02,9,Floor Wipes Refill 24 Pack,6.0,,,,everyday,24 Pack,$0.25 per each,Floor Wipes Refill 24 Pack | $0.25 per each,96.36,True,single_price_evidence,https://caau.syd1.cdn.digitaloceanspaces.com/wp-content/uploads/catalogue/coles/coles-catalogue-august-26-september-2-2025-vic-metro/9.jpg,https://www.catalogueau.com/coles/#catalogue=coles/coles-catalogue-august-26-september-2-2025-vic-metro/,displayed_price,displayed_price,1,review
Coles,VIC METRO,"Coles Catalogue August 26 - September 2, 2025 VIC METRO",2025-08-26,2025-09-02,9,Coles Ultra Advanced Dishwasher Tablets 40 Pack,6.0,,,,everyday,40 Pack,$0.15 per each,Coles Ultra Advanced | Dishwasher Tablets 40 Pack | $0.15 per each,96.1,True,single_price_evidence,https://caau.syd1.cdn.digitaloceanspaces.com/wp-content/uploads/catalogue/coles/coles-catalogue-august-26-september-2-2025-vic-metro/9.jpg,https://www.catalogueau.com/coles/#catalogue=coles/coles-catalogue-august-26-september-2-2025-vic-metro/,displayed_price,displayed_price,1,review
Coles,VIC METRO,"Coles Catalogue August 26 - September 2, 2025 VIC METRO",2025-08-26,2025-09-02,9,Coles Ultra Floor Cleaning system Kit,13.6,,,,everyday,,$13.60 per each,Coles Ultra Floor Cleaning | system Kit $13.60 per each,96.43,True,single_price_evidence,https://caau.syd1.cdn.digitaloceanspaces.com/wp-content/uploads/catalogue/coles/coles-catalogue-august-26-september-2-2025-vic-metro/9.jpg,https://www.catalogueau.com/coles/#catalogue=coles/coles-catalogue-august-26-september-2-2025-vic-metro/,unit_price,unit_price,1,review
Coles,VIC METRO,"Coles Catalogue August 26 - September 2, 2025 VIC METRO",2025-08-26,2025-09-02,10,Coles Multi-Purpose Disposable Gloves 100 Pack,8.0,,,,special,100 Pack,$0.08 per each,Coles Multi-Purpose Disposable | Gloves 100 Pack $0.08 per each,96.24,True,offer_labels_missing;save_amount_missing;regular_price_missing;single_price_evidence,https://caau.syd1.cdn.digitaloceanspaces.com/wp-content/uploads/catalogue/coles/coles-catalogue-august-26-september-2-2025-vic-metro/10.jpg,https://www.catalogueau.com/coles/#catalogue=coles/coles-catalogue-august-26-september-2-2025-vic-metro/,displayed_price,displayed_price,1,review
Coles,VIC METRO,"Coles Catalogue August 26 - September 2, 2025 VIC METRO",2025-08-26,2025-09-02,10,Fab Laundry Liquid 1.8 Litre,9.0,,,,special,1.8 Litre,$5.00 per litre,Fab Laundry Liquid 1.8 Litre | $5.00 per litre | ashare of,96.36,False,,https://caau.syd1.cdn.digitaloceanspaces.com/wp-content/uploads/catalogue/coles/coles-catalogue-august-26-september-2-2025-vic-metro/10.jpg,https://www.catalogueau.com/coles/#catalogue=coles/coles-catalogue-august-26-september-2-2025-vic-metro/,displayed_price,displayed_price;unit_price,2,verified
Coles,VIC METRO,"Coles Catalogue August 26 - September 2, 2025 VIC METRO",2025-08-26,2025-09-02,10,Exit Mould Trigger 500mL,9.5,,,,special,500mL,$1.90 per 100mL,Exit Mould Trigger 500mL | $1.90 per 100mL | “*See page 7 forT&Cs,94.05,False,,https://caau.syd1.cdn.digitaloceanspaces.com/wp-content/uploads/catalogue/coles/coles-catalogue-august-26-september-2-2025-vic-metro/10.jpg,https://www.catalogueau.com/coles/#catalogue=coles/coles-catalogue-august-26-september-2-2025-vic-metro/,displayed_price,displayed_price;unit_price,2,verified
Coles,VIC METRO,"Coles Catalogue August 26 - September 2, 2025 VIC METRO",2025-08-26,2025-09-02,10,www.vileda.com.au www,11.5,,,,special,,,www.vileda.com.au | www.,79.0,True,offer_labels_missing;save_amount_missing;regular_price_missing;low_name_confidence_strict;single_price_evidence,https://caau.syd1.cdn.digitaloceanspaces.com/wp-content/uploads/catalogue/coles/coles-catalogue-august-26-september-2-2025-vic-metro/10.jpg,https://www.catalogueau.com/coles/#catalogue=coles/coles-catalogue-august-26-september-2-2025-vic-metro/,displayed_price,displayed_price,1,review
Coles,VIC METRO,"Coles Catalogue August 26 - September 2, 2025 VIC METRO",2025-08-26,2025-09-02,11,Coles Ultra Disinfectant Bleach Cleaner 1.25 Litre,2.5,,,,special,1.25 Litre,$0.20 per 100mL,Coles Ultra Disinfectant | Bleach Cleaner 1.25 Litre | $0.20 per 100mL,96.22,True,offer_labels_missing;save_amount_missing;regular_price_missing;single_price_evidence,https://caau.syd1.cdn.digitaloceanspaces.com/wp-content/uploads/catalogue/coles/coles-catalogue-august-26-september-2-2025-vic-metro/11.jpg,https://www.catalogueau.com/coles/#catalogue=coles/coles-catalogue-august-26-september-2-2025-vic-metro/,unknown,,0,review
Coles,VIC METRO,"Coles Catalogue August 26 - September 2, 2025 VIC METRO",2025-08-26,2025-09-02,11,Coles Ultra Hospital Grade Disinfectant 1.25 Litre,2.5,,,,special,1.25 Litre,$0.20 per 100mL,Coles Ultra Hospital Grade | Disinfectant 1.25 Litre | $0.20 per 100mL | |WIN| ashare of,96.46,True,offer_labels_missing;save_amount_missing;regular_price_missing;single_price_evidence,https://caau.syd1.cdn.digitaloceanspaces.com/wp-content/uploads/catalogue/coles/coles-catalogue-august-26-september-2-2025-vic-metro/11.jpg,https://www.catalogueau.com/coles/#catalogue=coles/coles-catalogue-august-26-september-2-2025-vic-metro/,unknown,,0,review
Coles,VIC METRO,"Coles Catalogue August 26 - September 2, 2025 VIC METRO",2025-08-26,2025-09-02,11,Surf Laundry Capsules Tropical 50 Pack,18.0,,,,special,50 Pack,$0.36 per each,Surf Laundry Capsules Tropical | 50 Pack $0.36 per each,95.96,True,offer_labels_missing;save_amount_missing;regular_price_missing;single_price_evidence,https://caau.syd1.cdn.digitaloceanspaces.com/wp-content/uploads/catalogue/coles/coles-catalogue-august-26-september-2-2025-vic-metro/11.jpg,https://www.catalogueau.com/coles/#catalogue=coles/coles-catalogue-august-26-september-2-2025-vic-metro/,displayed_price,displayed_price,1,review
Coles,VIC METRO,"Coles Catalogue August 26 - September 2, 2025 VIC METRO",2025-08-26,2025-09-02,11,VIC-METRO-2708-25-462959,3.5,,,,special,,,= | 50 | VIC-METRO-2708-25-462959,90.95,True,offer_labels_missing;save_amount_missing;regular_price_missing;single_price_evidence,https://caau.syd1.cdn.digitaloceanspaces.com/wp-content/uploads/catalogue/coles/coles-catalogue-august-26-september-2-2025-vic-metro/11.jpg,https://www.catalogueau.com/coles/#catalogue=coles/coles-catalogue-august-26-september-2-2025-vic-metro/,displayed_price,displayed_price,1,review
Coles,VIC METRO,"Coles Catalogue August 26 - September 2, 2025 VIC METRO",2025-08-26,2025-09-02,12,Chux Heavy Duty Scourer Foam Sponge 3 Pack,2.8,3.5,0.7,20.0,save_amount,3 Pack,$0.93 per each,WAS $3.50 | WAS $3.50 | AUG 2025 | 2025 | Chux Heavy Duty Scourer | Foam Sponge 3 Pack | $0.93 per each,94.96,False,,https://caau.syd1.cdn.digitaloceanspaces.com/wp-content/uploads/catalogue/coles/coles-catalogue-august-26-september-2-2025-vic-metro/12.jpg,https://www.catalogueau.com/coles/#catalogue=coles/coles-catalogue-august-26-september-2-2025-vic-metro/,displayed_price,displayed_price;unit_price,2,verified
Coles,VIC METRO,"Coles Catalogue August 26 - September 2, 2025 VIC METRO",2025-08-26,2025-09-02,12,Chux Dishwand Non Scratch Handle,4.5,5.1,0.6,11.76,save_amount,,$4.50 per each,WAS $5.10 | WAS $5.10 | AUG 2025 | Chux Dishwand Non Scratch | Handle $4.50 per each,94.98,True,single_price_evidence,https://caau.syd1.cdn.digitaloceanspaces.com/wp-content/uploads/catalogue/coles/coles-catalogue-august-26-september-2-2025-vic-metro/12.jpg,https://www.catalogueau.com/coles/#catalogue=coles/coles-catalogue-august-26-september-2-2025-vic-metro/,unit_price,unit_price,1,review
Coles,VIC METRO,"Coles Catalogue August 26 - September 2, 2025 VIC METRO",2025-08-26,2025-09-02,12,Chux Non-Scratch Dishwand Refills 3 Pack,5.4,6.0,0.6,10.0,save_amount,3 Pack,$1.80 per each,WASS$6 | WASS$6 | 2025 | Chux Non-Scratch Dishwand | Refills 3 Pack $1.80 per each,93.85,False,,https://caau.syd1.cdn.digitaloceanspaces.com/wp-content/uploads/catalogue/coles/coles-catalogue-august-26-september-2-2025-vic-metro/12.jpg,https://www.catalogueau.com/coles/#catalogue=coles/coles-catalogue-august-26-september-2-2025-vic-metro/,displayed_price,displayed_price;unit_price,2,verified
Coles,VIC METRO,"Coles Catalogue August 26 - September 2, 2025 VIC METRO",2025-08-26,2025-09-02,12,Green Nation Life Multipurpose Spray 500mL,5.0,7.0,2.0,28.57,save_amount,500mL,$1.00 per 100mL,WAS $7 | WAS $7 | AUG 2025 | Green Nation Life Multipurpose | Spray 500mL $1.00 per 100mL | VIC-METRO-2708-25-462959,94.6,False,,https://caau.syd1.cdn.digitaloceanspaces.com/wp-content/uploads/catalogue/coles/coles-catalogue-august-26-september-2-2025-vic-metro/12.jpg,https://www.catalogueau.com/coles/#catalogue=coles/coles-catalogue-august-26-september-2-2025-vic-metro/,displayed_price,displayed_price;unit_price,2,verified
Coles,VIC METRO,"Coles Catalogue August 26 - September 2, 2025 VIC METRO",2025-08-26,2025-09-02,12,Pine O Cleen Floor Cleaner 1.5 Litre,7.0,10.0,3.0,30.0,save_amount,1.5 Litre,$0.47 per 100mL,WAS$10 | WAS$10 | JUN 2025 | Pine O Cleen Floor Cleaner | 1.5 Litre $0.47 per 100mL,94.64,True,single_price_evidence,https://caau.syd1.cdn.digitaloceanspaces.com/wp-content/uploads/catalogue/coles/coles-catalogue-august-26-september-2-2025-vic-metro/12.jpg,https://www.catalogueau.com/coles/#catalogue=coles/coles-catalogue-august-26-september-2-2025-vic-metro/,displayed_price,displayed_price,1,review
Coles,VIC METRO,"Coles Catalogue August 26 - September 2, 2025 VIC METRO",2025-08-26,2025-09-02,12,Lynx Body Spray Deodorant 165mL,5.0,,,,down_down,165mL,$3.03 per 100mL,Lynx Body Spray Deodorant 165mL | $3.03 per 100mL,94.53,False,,https://caau.syd1.cdn.digitaloceanspaces.com/wp-content/uploads/catalogue/coles/coles-catalogue-august-26-september-2-2025-vic-metro/12.jpg,https://www.catalogueau.com/coles/#catalogue=coles/coles-catalogue-august-26-september-2-2025-vic-metro/,displayed_price,displayed_price;unit_price,2,verified
Coles,VIC METRO,"Coles Catalogue August 26 - September 2, 2025 VIC METRO",2025-08-26,2025-09-02,12,Vanish Preen Oxi Action Everyday Stain Remover 500mL,7.0,,,,down_down,500mL,$14.00 per litre,Vanish Preen Oxi Action | Everyday Stain Remover 500mL | $14.00 per litre. | ‘See page 31 for T&Cs,94.63,False,,https://caau.syd1.cdn.digitaloceanspaces.com/wp-content/uploads/catalogue/coles/coles-catalogue-august-26-september-2-2025-vic-metro/12.jpg,https://www.catalogueau.com/coles/#catalogue=coles/coles-catalogue-august-26-september-2-2025-vic-metro/,displayed_price,displayed_price;unit_price,2,verified
Coles,VIC METRO,"Coles Catalogue August 26 - September 2, 2025 VIC METRO",2025-08-26,2025-09-02,13,Wild Tides Tuna 95g,1.7,2.5,0.8,32.0,save_amount,95g,$17.89 per kg,WAS $2.50 | WAS $2.50 | Wild Tides Tuna 95g | $17.89 per kg,95.62,False,,https://caau.syd1.cdn.digitaloceanspaces.com/wp-content/uploads/catalogue/coles/coles-catalogue-august-26-september-2-2025-vic-metro/13.jpg,https://www.catalogueau.com/coles/#catalogue=coles/coles-catalogue-august-26-september-2-2025-vic-metro/,displayed_price,displayed_price;unit_price,2,verified
Coles,VIC METRO,"Coles Catalogue August 26 - September 2, 2025 VIC METRO",2025-08-26,2025-09-02,13,San Remo Sin le Snack La Pasta 80g 1.25 per 100g,1.0,1.4,0.4,28.57,save_amount,80g; 100g,,WAS$1.40 | WAS$1.40 | JUN 2025 | San Remo Sin | le Snack | La Pasta 80g | 1.25 per 100g,96.54,True,single_price_evidence,https://caau.syd1.cdn.digitaloceanspaces.com/wp-content/uploads/catalogue/coles/coles-catalogue-august-26-september-2-2025-vic-metro/13.jpg,https://www.catalogueau.com/coles/#catalogue=coles/coles-catalogue-august-26-september-2-2025-vic-metro/,displayed_price,displayed_price,1,review
Coles,VIC METRO,"Coles Catalogue August 26 - September 2, 2025 VIC METRO",2025-08-26,2025-09-02,13,Zafarelli Pasta 500g,1.6,2.0,0.4,20.0,save_amount,500g,$0.32 per 100g,WAS$2 | WAS$2 | AUG 2025 | Zafarelli Pasta 500g | $0.32 per 100g,93.61,False,,https://caau.syd1.cdn.digitaloceanspaces.com/wp-content/uploads/catalogue/coles/coles-catalogue-august-26-september-2-2025-vic-metro/13.jpg,https://www.catalogueau.com/coles/#catalogue=coles/coles-catalogue-august-26-september-2-2025-vic-metro/,displayed_price,displayed_price;unit_price,2,verified
Coles,VIC METRO,"Coles Catalogue August 26 - September 2, 2025 VIC METRO",2025-08-26,2025-09-02,13,Remedy Sodaly 4x250mL,5.95,8.25,2.3,27.88,save_amount,4x250mL,$5.95 per litre,WAS $8.25 | WAS $8.25 | AUG 2025 | Remedy Sodaly 4x250mL | $5.95 per litre,92.43,False,,https://caau.syd1.cdn.digitaloceanspaces.com/wp-content/uploads/catalogue/coles/coles-catalogue-august-26-september-2-2025-vic-metro/13.jpg,https://www.catalogueau.com/coles/#catalogue=coles/coles-catalogue-august-26-september-2-2025-vic-metro/,displayed_price,displayed_price;unit_price,2,verified
Coles,VIC METRO,"Coles Catalogue August 26 - September 2, 2025 VIC METRO",2025-08-26,2025-09-02,13,Frantelle Spring Water 24x600mL**,12.0,18.9,6.9,36.51,save_amount,24x600mL,$0.83 per litre,WASS18.90 | WASS18.90 | JUN 2025 | Frantelle Spring Water | 24x600mL** $0.83 per litre,93.54,True,single_price_evidence,https://caau.syd1.cdn.digitaloceanspaces.com/wp-content/uploads/catalogue/coles/coles-catalogue-august-26-september-2-2025-vic-metro/13.jpg,https://www.catalogueau.com/coles/#catalogue=coles/coles-catalogue-august-26-september-2-2025-vic-metro/,displayed_price,displayed_price,1,review
Coles,VIC METRO,"Coles Catalogue August 26 - September 2, 2025 VIC METRO",2025-08-26,2025-09-02,13,Yumi's Hommus 500g,5.8,6.5,0.7,10.77,save_amount,500g,$1.16 per 100g,WAS $6.50 | WAS $6.50 | AUG 2025 | Yumi's Hommus 500g | $1.16 per 100g | **Not available for Deliver More timeslots,93.21,False,,https://caau.syd1.cdn.digitaloceanspaces.com/wp-content/uploads/catalogue/coles/coles-catalogue-august-26-september-2-2025-vic-metro/13.jpg,https://www.catalogueau.com/coles/#catalogue=coles/coles-catalogue-august-26-september-2-2025-vic-metro/,displayed_price,displayed_price;unit_price,2,verified
Coles,VIC METRO,"Coles Catalogue August 26 - September 2, 2025 VIC METRO",2025-08-26,2025-09-02,13,Pampas Frozen Puff Pastry 6 Sheets 1kg,5.5,6.5,1.0,15.38,save_amount,1kg,$0.55 per 100g,WAS$6.50 | WAS$6.50 | JUN 2025 | Pampas Frozen Puff Pastry | 6 Sheets 1kg $0.55 per 100g,93.35,False,,https://caau.syd1.cdn.digitaloceanspaces.com/wp-content/uploads/catalogue/coles/coles-catalogue-august-26-september-2-2025-vic-metro/13.jpg,https://www.catalogueau.com/coles/#catalogue=coles/coles-catalogue-august-26-september-2-2025-vic-metro/,displayed_price,displayed_price;unit_price,2,verified
Coles,VIC METRO,"Coles Catalogue August 26 - September 2, 2025 VIC METRO",2025-08-26,2025-09-02,13,Heritage Mill Muesli or Clusters 750g,6.3,,,,down_down,750g,$0.84 per 100g,Heritage Mill Muesli or | Clusters 750g $0.84 per 100g,96.39,False,,https://caau.syd1.cdn.digitaloceanspaces.com/wp-content/uploads/catalogue/coles/coles-catalogue-august-26-september-2-2025-vic-metro/13.jpg,https://www.catalogueau.com/coles/#catalogue=coles/coles-catalogue-august-26-september-2-2025-vic-metro/,displayed_price,displayed_price;unit_price,2,verified
Coles,VIC METRO,"Coles Catalogue August 26 - September 2, 2025 VIC METRO",2025-08-26,2025-09-02,13,Coles Shredded Chicken Breast Roasted 150g,5.4,,,,down_down,150g,$36.00 per kg,Coles Shredded Chicken | Breast Roasted 150g | $36.00 per kg,96.34,False,,https://caau.syd1.cdn.digitaloceanspaces.com/wp-content/uploads/catalogue/coles/coles-catalogue-august-26-september-2-2025-vic-metro/13.jpg,https://www.catalogueau.com/coles/#catalogue=coles/coles-catalogue-august-26-september-2-2025-vic-metro/,displayed_price,displayed_price;unit_price,2,verified
Coles,VIC METRO,"Coles Catalogue August 26 - September 2, 2025 VIC METRO",2025-08-26,2025-09-02,14,Coles Australian Pork Scotch Steak 300g,6.0,6.5,0.5,7.69,down_down,300g,$20.00 per kg,DOWN DOWN | AUG 2025 | 2025 | Coles Australian Pork Scotch | Steak 300g $20.00 per kg,96.38,False,,https://caau.syd1.cdn.digitaloceanspaces.com/wp-content/uploads/catalogue/coles/coles-catalogue-august-26-september-2-2025-vic-metro/14.jpg,https://www.catalogueau.com/coles/#catalogue=coles/coles-catalogue-august-26-september-2-2025-vic-metro/,displayed_price,displayed_price;unit_price,2,verified
Coles,VIC METRO,"Coles Catalogue August 26 - September 2, 2025 VIC METRO",2025-08-26,2025-09-02,14,Coles Australian Pork Thin Cut Loin Steaks 500g,9.0,10.0,1.0,10.0,down_down,500g,$18.00 per kg,DOWN DOWN | AUG 2025 | Coles Australian Pork Thin Cut | Loin Steaks 500g $18.00 per kg,96.47,False,,https://caau.syd1.cdn.digitaloceanspaces.com/wp-content/uploads/catalogue/coles/coles-catalogue-august-26-september-2-2025-vic-metro/14.jpg,https://www.catalogueau.com/coles/#catalogue=coles/coles-catalogue-august-26-september-2-2025-vic-metro/,displayed_price,displayed_price;unit_price,2,verified
Coles,VIC METRO,"Coles Catalogue August 26 - September 2, 2025 VIC METRO",2025-08-26,2025-09-02,14,MADE. Coles RSPCA Approved,7.0,8.0,1.0,12.5,save_amount,,$7.00 per kg,WAS $8kg | WAS $8kg | MADE. | Coles RSPCA Approved | Chicken Portions with BBQ Rub | $7.00 per kg,62.53,True,low_name_confidence_strict;single_price_evidence,https://caau.syd1.cdn.digitaloceanspaces.com/wp-content/uploads/catalogue/coles/coles-catalogue-august-26-september-2-2025-vic-metro/14.jpg,https://www.catalogueau.com/coles/#catalogue=coles/coles-catalogue-august-26-september-2-2025-vic-metro/,displayed_price,displayed_price,1,review
Coles,VIC METRO,"Coles Catalogue August 26 - September 2, 2025 VIC METRO",2025-08-26,2025-09-02,14,Crow’ MADE,12.0,13.0,1.0,7.69,save_amount,,$30.00 per kg,WASS13 | WASS13 | AUG 2025 | Crow’ | MADE. | Coles Australian No Added | Hormones Beef Sizzle Steak | 400g $30.00 per kg,32.53,True,low_ocr_confidence;low_name_confidence_strict;single_price_evidence,https://caau.syd1.cdn.digitaloceanspaces.com/wp-content/uploads/catalogue/coles/coles-catalogue-august-26-september-2-2025-vic-metro/14.jpg,https://www.catalogueau.com/coles/#catalogue=coles/coles-catalogue-august-26-september-2-2025-vic-metro/,displayed_price,displayed_price,1,review
Coles,VIC METRO,"Coles Catalogue August 26 - September 2, 2025 VIC METRO",2025-08-26,2025-09-02,14,Coles Australian No Added Hormones Beef Blade Roast,14.0,16.0,2.0,12.5,save_amount,,$14.00 per kg,WAS $16kg | WAS $16kg | Coles Australian No Added | Hormones Beef Blade Roast | $14.00 per kg,96.46,True,single_price_evidence,https://caau.syd1.cdn.digitaloceanspaces.com/wp-content/uploads/catalogue/coles/coles-catalogue-august-26-september-2-2025-vic-metro/14.jpg,https://www.catalogueau.com/coles/#catalogue=coles/coles-catalogue-august-26-september-2-2025-vic-metro/,displayed_price,displayed_price,1,review
Coles,VIC METRO,"Coles Catalogue August 26 - September 2, 2025 VIC METRO",2025-08-26,2025-09-02,14,FOOy £4,17.5,19.5,2.0,10.26,save_amount,,$38.04 per kg,WAS $19.50 | WAS $19.50 | AUG 2025 | FOOy | £4 | Coles Tasmanian Salmon | Portions Skin On 4 Pack 460g | $38.04 per kg.,63.62,True,low_name_confidence_strict;single_price_evidence,https://caau.syd1.cdn.digitaloceanspaces.com/wp-content/uploads/catalogue/coles/coles-catalogue-august-26-september-2-2025-vic-metro/14.jpg,https://www.catalogueau.com/coles/#catalogue=coles/coles-catalogue-august-26-september-2-2025-vic-metro/,displayed_price,displayed_price,1,review
Coles,VIC METRO,"Coles Catalogue August 26 - September 2, 2025 VIC METRO",2025-08-26,2025-09-02,14,Coles RSPCA Approved Chicken Tenderloins 600g,9.5,11.0,1.5,13.64,down_down,600g,$15.83 per kg,DOWN DOWN | AUG 2025 | 2025 | Coles RSPCA Approved | Chicken Tenderloins 600g | $15.83 per kg,94.78,True,single_price_evidence,https://caau.syd1.cdn.digitaloceanspaces.com/wp-content/uploads/catalogue/coles/coles-catalogue-august-26-september-2-2025-vic-metro/14.jpg,https://www.catalogueau.com/coles/#catalogue=coles/coles-catalogue-august-26-september-2-2025-vic-metro/,unit_price,unit_price,1,review
Coles,VIC METRO,"Coles Catalogue August 26 - September 2, 2025 VIC METRO",2025-08-26,2025-09-02,14,Coles RSPCA Approved Chicken Portions with BBQ Rub,7.0,8.0,1.0,12.5,down_down,,$7.00 per kg,DOWN DOWN | AUG 2025 | 2025 | Coles RSPCA Approved | Chicken Portions with BBQ Rub | $7.00 per kg,96.4,True,single_price_evidence,https://caau.syd1.cdn.digitaloceanspaces.com/wp-content/uploads/catalogue/coles/coles-catalogue-august-26-september-2-2025-vic-metro/14.jpg,https://www.catalogueau.com/coles/#catalogue=coles/coles-catalogue-august-26-september-2-2025-vic-metro/,displayed_price,displayed_price,1,review
Coles,VIC METRO,"Coles Catalogue August 26 - September 2, 2025 VIC METRO",2025-08-26,2025-09-02,14,Coles Tasmanian Salmon Portions Skin Off 4 Pack 460g,19.0,21.5,2.5,11.63,down_down,4 Pack; 460g,$41.30 per kg,DOWN DOWN | AUG 2025 | 2025 | £a | Coles Tasmanian Salmon | Portions Skin Off 4 Pack 460g | $41.30 per kg.,96.45,False,,https://caau.syd1.cdn.digitaloceanspaces.com/wp-content/uploads/catalogue/coles/coles-catalogue-august-26-september-2-2025-vic-metro/14.jpg,https://www.catalogueau.com/coles/#catalogue=coles/coles-catalogue-august-26-september-2-2025-vic-metro/,displayed_price,displayed_price;unit_price,2,verified
Coles,VIC METRO,"Coles Catalogue August 26 - September 2, 2025 VIC METRO",2025-08-26,2025-09-02,14,Coles Australian No Added Hormones Beef Sizzle Steak 400g,12.0,13.0,1.0,7.69,save_amount,400g,$30.00 per kg,AUG 2025 | Coles Australian No Added | Hormones Beef Sizzle Steak | 400g $30.00 per kg,96.18,False,,https://caau.syd1.cdn.digitaloceanspaces.com/wp-content/uploads/catalogue/coles/coles-catalogue-august-26-september-2-2025-vic-metro/14.jpg,https://www.catalogueau.com/coles/#catalogue=coles/coles-catalogue-august-26-september-2-2025-vic-metro/,displayed_price,displayed_price;unit_price,2,verified
Coles,VIC METRO,"Coles Catalogue August 26 - September 2, 2025 VIC METRO",2025-08-26,2025-09-02,14,Don Skinless Footy Franks 435g,5.5,,,,down_down,435g,$12.64 per kg,Don Skinless Footy Franks | 435g $12.64 per kg,96.16,False,,https://caau.syd1.cdn.digitaloceanspaces.com/wp-content/uploads/catalogue/coles/coles-catalogue-august-26-september-2-2025-vic-metro/14.jpg,https://www.catalogueau.com/coles/#catalogue=coles/coles-catalogue-august-26-september-2-2025-vic-metro/,displayed_price,displayed_price;unit_price,2,verified
Coles,VIC METRO,"Coles Catalogue August 26 - September 2, 2025 VIC METRO",2025-08-26,2025-09-02,15,Coles Australian No Added Hormones Beef Sandwich Steak 400g,12.0,,,,special,400g,$30.00 per kg,Coles Australian No Added Hormones Beef | Sandwich Steak 400g $30.00 per kg,96.3,False,,https://caau.syd1.cdn.digitaloceanspaces.com/wp-content/uploads/catalogue/coles/coles-catalogue-august-26-september-2-2025-vic-metro/15.jpg,https://www.catalogueau.com/coles/#catalogue=coles/coles-catalogue-august-26-september-2-2025-vic-metro/,displayed_price,displayed_price;unit_price,2,verified
Coles,VIC METRO,"Coles Catalogue August 26 - September 2, 2025 VIC METRO",2025-08-26,2025-09-02,15,Coles Free Range RSPCA Approved Chicken Breast Large Pack,13.5,,,,special,,$13.50 per kg,Coles Free Range RSPCA Approved Chicken | Breast Large Pack $13.50 per kg,96.36,True,offer_labels_missing;save_amount_missing;regular_price_missing;single_price_evidence,https://caau.syd1.cdn.digitaloceanspaces.com/wp-content/uploads/catalogue/coles/coles-catalogue-august-26-september-2-2025-vic-metro/15.jpg,https://www.catalogueau.com/coles/#catalogue=coles/coles-catalogue-august-26-september-2-2025-vic-metro/,unknown,,0,review
Coles,VIC METRO,"Coles Catalogue August 26 - September 2, 2025 VIC METRO",2025-08-26,2025-09-02,15,Coles Australian Lamb Butterflied Leg with Rosemary & Garlic,18.0,,,,special,,$18.00 per kg,Coles Australian Lamb Butterflied Leg with | Rosemary & Garlic $18.00 per kg,94.7,True,offer_labels_missing;save_amount_missing;regular_price_missing;single_price_evidence,https://caau.syd1.cdn.digitaloceanspaces.com/wp-content/uploads/catalogue/coles/coles-catalogue-august-26-september-2-2025-vic-metro/15.jpg,https://www.catalogueau.com/coles/#catalogue=coles/coles-catalogue-august-26-september-2-2025-vic-metro/,displayed_price,displayed_price,1,review
Coles,VIC METRO,"Coles Catalogue August 26 - September 2, 2025 VIC METRO",2025-08-26,2025-09-02,16,Don Virginian Ham,22.0,28.0,6.0,21.43,save_amount,,$22.00 per kg,"WAS$28%q | WAS$28%q | Don Virginian Ham | $22.00 per kg. Selected stores only* | On sale for 2 weeks | DEPPERCORy, | TR",96.65,True,single_price_evidence,https://caau.syd1.cdn.digitaloceanspaces.com/wp-content/uploads/catalogue/coles/coles-catalogue-august-26-september-2-2025-vic-metro/16.jpg,https://www.catalogueau.com/coles/#catalogue=coles/coles-catalogue-august-26-september-2-2025-vic-metro/,displayed_price,displayed_price,1,review
Coles,VIC METRO,"Coles Catalogue August 26 - September 2, 2025 VIC METRO",2025-08-26,2025-09-02,16,Don Kabana,3.3,4.5,1.2,26.67,save_amount,,$3.30 per each,WAS$4.50 | WAS$4.50 | Don Kabana | $3.30 per each. Selected stores only* | 2nd week on sale,92.28,True,single_price_evidence,https://caau.syd1.cdn.digitaloceanspaces.com/wp-content/uploads/catalogue/coles/coles-catalogue-august-26-september-2-2025-vic-metro/16.jpg,https://www.catalogueau.com/coles/#catalogue=coles/coles-catalogue-august-26-september-2-2025-vic-metro/,unit_price,unit_price,1,review
Coles,VIC METRO,"Coles Catalogue August 26 - September 2, 2025 VIC METRO",2025-08-26,2025-09-02,16,Karumba Australian MSC Certified Thawed Raw Banana Prawns,17.0,20.0,3.0,15.0,save_amount,,$17.00 per kg,WASS20kq | WASS20kq | Karumba Australian MSC Certified | Thawed Raw Banana Prawns | $17.00 per kg. 2nd week on sale,95.83,True,single_price_evidence,https://caau.syd1.cdn.digitaloceanspaces.com/wp-content/uploads/catalogue/coles/coles-catalogue-august-26-september-2-2025-vic-metro/16.jpg,https://www.catalogueau.com/coles/#catalogue=coles/coles-catalogue-august-26-september-2-2025-vic-metro/,displayed_price,displayed_price,1,review
Coles,VIC METRO,"Coles Catalogue August 26 - September 2, 2025 VIC METRO",2025-08-26,2025-09-02,16,Coles Australian Lamb Loin Chops,524.0,831.0,307.0,36.94,save_amount,,$24.00 per kg,WAS 831g | WAS 831g | Coles Australian Lamb Loin | Chops $24.00 per kg. | On sale for 2 weeks,96.31,True,single_price_evidence,https://caau.syd1.cdn.digitaloceanspaces.com/wp-content/uploads/catalogue/coles/coles-catalogue-august-26-september-2-2025-vic-metro/16.jpg,https://www.catalogueau.com/coles/#catalogue=coles/coles-catalogue-august-26-september-2-2025-vic-metro/,displayed_price,displayed_price,1,review
Coles,VIC METRO,"Coles Catalogue August 26 - September 2, 2025 VIC METRO",2025-08-26,2025-09-02,16,Coles Australian No Added Hormones Beef Diced 500g,10.5,12.0,1.5,12.5,save_amount,500g,$21.00 per kg,WASS12 | WASS12 | Coles Australian No Added | Hormones Beef Diced 500g | $21.00 per kg | a= | en,96.39,False,,https://caau.syd1.cdn.digitaloceanspaces.com/wp-content/uploads/catalogue/coles/coles-catalogue-august-26-september-2-2025-vic-metro/16.jpg,https://www.catalogueau.com/coles/#catalogue=coles/coles-catalogue-august-26-september-2-2025-vic-metro/,displayed_price,displayed_price;unit_price,2,verified
Coles,VIC METRO,"Coles Catalogue August 26 - September 2, 2025 VIC METRO",2025-08-26,2025-09-02,16,Peppercorn Extra Lean Beef Sausages or Beef Burgers 450g-500g 2nd week,5.9,10.0,4.1,41.0,save_amount,450g; 500g,,Peppercorn Extra Lean Beef | Sausages or Beef Burgers | 450g-500g 2nd week on sale | Biisening cuggesticr rN | a,95.53,True,offer_labels_missing;single_price_evidence,https://caau.syd1.cdn.digitaloceanspaces.com/wp-content/uploads/catalogue/coles/coles-catalogue-august-26-september-2-2025-vic-metro/16.jpg,https://www.catalogueau.com/coles/#catalogue=coles/coles-catalogue-august-26-september-2-2025-vic-metro/,unknown,,0,review
Coles,VIC METRO,"Coles Catalogue August 26 - September 2, 2025 VIC METRO",2025-08-26,2025-09-02,16,Coles Made Easy Slow Cooked Honey BBQ Beef Bites 500g,11.0,14.0,3.0,21.43,save_amount,500g,$22.00 per kg,WASS14 | WASS14 | Coles Made Easy Slow Cooked Honey BBQ | Beef Bites 500g $22.00 per kg | VIC-METRO-2708-25-462959,96.17,False,,https://caau.syd1.cdn.digitaloceanspaces.com/wp-content/uploads/catalogue/coles/coles-catalogue-august-26-september-2-2025-vic-metro/16.jpg,https://www.catalogueau.com/coles/#catalogue=coles/coles-catalogue-august-26-september-2-2025-vic-metro/,displayed_price,displayed_price;unit_price,2,verified
Coles,VIC METRO,"Coles Catalogue August 26 - September 2, 2025 VIC METRO",2025-08-26,2025-09-02,16,Coles Hot Roast RSPCA Approved Chicken,12.5,,,,special,,$12.50 per each,Coles Hot Roast RSPCA Approved Chicken | $12.50 per each. Selected stores only*,96.12,False,,https://caau.syd1.cdn.digitaloceanspaces.com/wp-content/uploads/catalogue/coles/coles-catalogue-august-26-september-2-2025-vic-metro/16.jpg,https://www.catalogueau.com/coles/#catalogue=coles/coles-catalogue-august-26-september-2-2025-vic-metro/,displayed_price,displayed_price;unit_price,2,verified
Coles,VIC METRO,"Coles Catalogue August 26 - September 2, 2025 VIC METRO",2025-08-26,2025-09-02,17,Patak's Tikka Masala Curry Paste 283g,4.5,750.0,745.5,99.4,save_amount,283g,$1.59 per 100g,‘WASS750 | ‘WASS750 | Patak's Tikka Masala Curry | Paste 283g $1.59 per 100g,95.94,True,single_price_evidence,https://caau.syd1.cdn.digitaloceanspaces.com/wp-content/uploads/catalogue/coles/coles-catalogue-august-26-september-2-2025-vic-metro/17.jpg,https://www.catalogueau.com/coles/#catalogue=coles/coles-catalogue-august-26-september-2-2025-vic-metro/,unit_price,unit_price,1,review
Coles,VIC METRO,"Coles Catalogue August 26 - September 2, 2025 VIC METRO",2025-08-26,2025-09-02,17,Coles RSPCA Approved Chicken Diced Breast Fillet 500g,7.0,,,,special,500g,$14.00 per kg,"Coles RSPCA Approved Chicken | Diced Breast Fillet 500g $14.00 per kg | Product sold uncooked,",96.49,False,,https://caau.syd1.cdn.digitaloceanspaces.com/wp-content/uploads/catalogue/coles/coles-catalogue-august-26-september-2-2025-vic-metro/17.jpg,https://www.catalogueau.com/coles/#catalogue=coles/coles-catalogue-august-26-september-2-2025-vic-metro/,displayed_price,displayed_price;unit_price,2,verified
Coles,VIC METRO,"Coles Catalogue August 26 - September 2, 2025 VIC METRO",2025-08-26,2025-09-02,17,Coles Lentils 420g,1.1,,,,special,420g,$2.62 per kg,Coles Lentils 420g | $2.62 per kg,96.27,True,single_price_evidence,https://caau.syd1.cdn.digitaloceanspaces.com/wp-content/uploads/catalogue/coles/coles-catalogue-august-26-september-2-2025-vic-metro/17.jpg,https://www.catalogueau.com/coles/#catalogue=coles/coles-catalogue-august-26-september-2-2025-vic-metro/,unit_price,unit_price,1,review
Coles,VIC METRO,"Coles Catalogue August 26 - September 2, 2025 VIC METRO",2025-08-26,2025-09-02,17,Coles Microwave Brown Rice & Red Quinoa 250g,2.15,,,,special,250g,$0.86 per 100g,Coles Microwave Brown Rice | & Red Quinoa 250g | $0.86 per 100g,96.14,False,,https://caau.syd1.cdn.digitaloceanspaces.com/wp-content/uploads/catalogue/coles/coles-catalogue-august-26-september-2-2025-vic-metro/17.jpg,https://www.catalogueau.com/coles/#catalogue=coles/coles-catalogue-august-26-september-2-2025-vic-metro/,displayed_price,displayed_price;unit_price,2,verified
Coles,VIC METRO,"Coles Catalogue August 26 - September 2, 2025 VIC METRO",2025-08-26,2025-09-02,17,Coles Italian Diced Tomatoes 400g,1.1,,,,special,400g,$2.75 per kg,Coles Italian Diced Tomatoes | 400g $2.75 per kg,94.21,False,,https://caau.syd1.cdn.digitaloceanspaces.com/wp-content/uploads/catalogue/coles/coles-catalogue-august-26-september-2-2025-vic-metro/17.jpg,https://www.catalogueau.com/coles/#catalogue=coles/coles-catalogue-august-26-september-2-2025-vic-metro/,displayed_price,displayed_price;unit_price,2,verified
Coles,VIC METRO,"Coles Catalogue August 26 - September 2, 2025 VIC METRO",2025-08-26,2025-09-02,17,Coles Plain Naan 3 Pack 250g,3.6,,,,special,3 Pack; 250g,$1.44 per 100g,Coles Plain Naan 3 Pack 250g | $1.44 per 100g | = | = | VIC-METRO-2708-25-462959,96.31,False,,https://caau.syd1.cdn.digitaloceanspaces.com/wp-content/uploads/catalogue/coles/coles-catalogue-august-26-september-2-2025-vic-metro/17.jpg,https://www.catalogueau.com/coles/#catalogue=coles/coles-catalogue-august-26-september-2-2025-vic-metro/,displayed_price,displayed_price;unit_price,2,verified
Coles,VIC METRO,"Coles Catalogue August 26 - September 2, 2025 VIC METRO",2025-08-26,2025-09-02,18,Coles Simply RSPCA Approved Chicken Schnitzel Plain Crumb 12 Pack 1.2kg,13.0,,,,special,12 Pack; 1.2kg,$10.83 per kg,Coles Simply RSPCA Approved | Chicken Schnitzel Plain Crumb | 12 Pack 1.2kg $10.83 per kg,79.0,True,low_name_confidence_strict;single_price_evidence,https://caau.syd1.cdn.digitaloceanspaces.com/wp-content/uploads/catalogue/coles/coles-catalogue-august-26-september-2-2025-vic-metro/18.jpg,https://www.catalogueau.com/coles/#catalogue=coles/coles-catalogue-august-26-september-2-2025-vic-metro/,unit_price,unit_price,1,review
Coles,VIC METRO,"Coles Catalogue August 26 - September 2, 2025 VIC METRO",2025-08-26,2025-09-02,18,Coles Simply Chicken Gravy 200mL,2.6,,,,special,200mL,$1.30 per 100mL,Coles Simply Chicken | Gravy 200mL $1.30 per 100mL,94.62,True,single_price_evidence,https://caau.syd1.cdn.digitaloceanspaces.com/wp-content/uploads/catalogue/coles/coles-catalogue-august-26-september-2-2025-vic-metro/18.jpg,https://www.catalogueau.com/coles/#catalogue=coles/coles-catalogue-august-26-september-2-2025-vic-metro/,unit_price,unit_price,1,review
Coles,VIC METRO,"Coles Catalogue August 26 - September 2, 2025 VIC METRO",2025-08-26,2025-09-02,18,Coles Simply Frozen Mixed Vegetables 1kg,2.8,,,,special,1kg,$2.80 per kg,Coles Simply Frozen Mixed | Vegetables 1kg $2.80 per kg,79.0,True,low_name_confidence_strict;single_price_evidence,https://caau.syd1.cdn.digitaloceanspaces.com/wp-content/uploads/catalogue/coles/coles-catalogue-august-26-september-2-2025-vic-metro/18.jpg,https://www.catalogueau.com/coles/#catalogue=coles/coles-catalogue-august-26-september-2-2025-vic-metro/,unit_price,unit_price,1,review
Coles,VIC METRO,"Coles Catalogue August 26 - September 2, 2025 VIC METRO",2025-08-26,2025-09-02,19,Coles Bakery Apple or Banoffee Turnover,4.5,5.0,0.5,10.0,save_amount,,$4.50 per each,WASS5 | WASS5 | Coles Bakery Apple or Banoffee | Turnover $4.50 per each | Selected stores only. | From the Patisserie fridge,95.55,True,single_price_evidence,https://caau.syd1.cdn.digitaloceanspaces.com/wp-content/uploads/catalogue/coles/coles-catalogue-august-26-september-2-2025-vic-metro/19.jpg,https://www.catalogueau.com/coles/#catalogue=coles/coles-catalogue-august-26-september-2-2025-vic-metro/,unit_price,unit_price,1,review
Coles,VIC METRO,"Coles Catalogue August 26 - September 2, 2025 VIC METRO",2025-08-26,2025-09-02,19,Coles Bakery Iced Donuts 6 Pack,3.25,3.8,0.55,14.47,save_amount,6 Pack,$0.54 per each,WASS3.80 | WASS3.80 | Coles Bakery Iced Donuts 6 Pack | $0.54 per each. Selected stores only,96.27,True,single_price_evidence,https://caau.syd1.cdn.digitaloceanspaces.com/wp-content/uploads/catalogue/coles/coles-catalogue-august-26-september-2-2025-vic-metro/19.jpg,https://www.catalogueau.com/coles/#catalogue=coles/coles-catalogue-august-26-september-2-2025-vic-metro/,unit_price,unit_price,1,review
Coles,VIC METRO,"Coles Catalogue August 26 - September 2, 2025 VIC METRO",2025-08-26,2025-09-02,19,Coles Bakery Stone Baked Turkish Loaf,3.25,4.0,0.75,18.75,save_amount,,$3.25 per each,WAS$4 | WAS$4 | Coles Bakery Stone Baked | Turkish Loaf $3.25 per each. | Selected stores only,96.64,False,,https://caau.syd1.cdn.digitaloceanspaces.com/wp-content/uploads/catalogue/coles/coles-catalogue-august-26-september-2-2025-vic-metro/19.jpg,https://www.catalogueau.com/coles/#catalogue=coles/coles-catalogue-august-26-september-2-2025-vic-metro/,displayed_price,displayed_price;unit_price,2,verified
Coles,VIC METRO,"Coles Catalogue August 26 - September 2, 2025 VIC METRO",2025-08-26,2025-09-02,19,Coles Bakery Pizza Rolls 2 Pack,3.5,4.15,0.65,15.66,save_amount,2 Pack,$1.75 per each,‘WASS4.15 | ‘WASS4.15 | Coles Bakery Pizza Rolls 2 Pack | $1.75 per each | Selected stores only,96.25,False,,https://caau.syd1.cdn.digitaloceanspaces.com/wp-content/uploads/catalogue/coles/coles-catalogue-august-26-september-2-2025-vic-metro/19.jpg,https://www.catalogueau.com/coles/#catalogue=coles/coles-catalogue-august-26-september-2-2025-vic-metro/,displayed_price,displayed_price;unit_price,2,verified
Coles,VIC METRO,"Coles Catalogue August 26 - September 2, 2025 VIC METRO",2025-08-26,2025-09-02,19,Helga's Wraps 4459-508g,4.0,5.5,1.5,27.27,save_amount,508g,,WASS5.50 | WASS5.50 | Helga's Wraps 4459-508g,81.47,True,single_price_evidence,https://caau.syd1.cdn.digitaloceanspaces.com/wp-content/uploads/catalogue/coles/coles-catalogue-august-26-september-2-2025-vic-metro/19.jpg,https://www.catalogueau.com/coles/#catalogue=coles/coles-catalogue-august-26-september-2-2025-vic-metro/,displayed_price,displayed_price,1,review
Coles,VIC METRO,"Coles Catalogue August 26 - September 2, 2025 VIC METRO",2025-08-26,2025-09-02,19,Coles Bakery Fruit Cake 800g,6.48,,,,special,800g,$0.81 per 100g,Coles Bakery Fruit Cake 800g | $0.81 per 100g | ey | i,96.31,True,offer_labels_missing;save_amount_missing;regular_price_missing;inferred_price_requires_review,https://caau.syd1.cdn.digitaloceanspaces.com/wp-content/uploads/catalogue/coles/coles-catalogue-august-26-september-2-2025-vic-metro/19.jpg,https://www.catalogueau.com/coles/#catalogue=coles/coles-catalogue-august-26-september-2-2025-vic-metro/,unit_price,grid_inference;unit_price,1,review
Coles,VIC METRO,"Coles Catalogue August 26 - September 2, 2025 VIC METRO",2025-08-26,2025-09-02,19,Coles All Butter Croissants 3 Pack or 4 Pack,951.0,,,,special,3 Pack; 4 Pack,,Coles All Butter Croissants | 3 Pack or 4 Pack,95.62,True,offer_labels_missing;save_amount_missing;regular_price_missing;single_price_evidence,https://caau.syd1.cdn.digitaloceanspaces.com/wp-content/uploads/catalogue/coles/coles-catalogue-august-26-september-2-2025-vic-metro/19.jpg,https://www.catalogueau.com/coles/#catalogue=coles/coles-catalogue-august-26-september-2-2025-vic-metro/,displayed_price,displayed_price,1,review
Coles,VIC METRO,"Coles Catalogue August 26 - September 2, 2025 VIC METRO",2025-08-26,2025-09-02,19,Coles Thin & Crispy Large Pizza Bases 3 Pack 750g,6.7,,,,special,3 Pack; 750g,$0.89 per 100g,Coles Thin & Crispy Large Pizza | Bases 3 Pack 750g | $0.89 per 100g,93.71,False,,https://caau.syd1.cdn.digitaloceanspaces.com/wp-content/uploads/catalogue/coles/coles-catalogue-august-26-september-2-2025-vic-metro/19.jpg,https://www.catalogueau.com/coles/#catalogue=coles/coles-catalogue-august-26-september-2-2025-vic-metro/,displayed_price,displayed_price;unit_price,2,verified
Coles,VIC METRO,"Coles Catalogue August 26 - September 2, 2025 VIC METRO",2025-08-26,2025-09-02,21,Freshology Apple Crumble 490g Pack or Zucchini Slice 440g Pack,6.0,7.5,1.5,20.0,save_amount,490g; 440g,,WAS$7.50 | WAS$7.50 | Freshology Apple Crumble 490g | Pack or Zucchini Slice 440g Pack,95.47,True,single_price_evidence,https://caau.syd1.cdn.digitaloceanspaces.com/wp-content/uploads/catalogue/coles/coles-catalogue-august-26-september-2-2025-vic-metro/21.jpg,https://www.catalogueau.com/coles/#catalogue=coles/coles-catalogue-august-26-september-2-2025-vic-metro/,displayed_price,displayed_price,1,review
Coles,VIC METRO,"Coles Catalogue August 26 - September 2, 2025 VIC METRO",2025-08-26,2025-09-02,21,"Coles Dry Roasted, Honey, Natural or Roasted & Salted Cashews 400g Pack",9.0,10.0,1.0,10.0,save_amount,400g,$22.50 per kg,"WASS10 | WASS10 | Coles Dry Roasted, Honey, | Natural or Roasted & Salted | Cashews 400g Pack $22.50 per kg",95.99,False,,https://caau.syd1.cdn.digitaloceanspaces.com/wp-content/uploads/catalogue/coles/coles-catalogue-august-26-september-2-2025-vic-metro/21.jpg,https://www.catalogueau.com/coles/#catalogue=coles/coles-catalogue-august-26-september-2-2025-vic-metro/,displayed_price,displayed_price;unit_price,2,verified
Coles,VIC METRO,"Coles Catalogue August 26 - September 2, 2025 VIC METRO",2025-08-26,2025-09-02,21,Australian Petite Wombok 2 Pack,4.5,,,,special,2 Pack,$2.25 per each,Australian Petite Wombok 2 Pack | $2.25 per each,94.86,True,offer_labels_missing;save_amount_missing;regular_price_missing;inferred_price_requires_review,https://caau.syd1.cdn.digitaloceanspaces.com/wp-content/uploads/catalogue/coles/coles-catalogue-august-26-september-2-2025-vic-metro/21.jpg,https://www.catalogueau.com/coles/#catalogue=coles/coles-catalogue-august-26-september-2-2025-vic-metro/,unit_price,grid_inference;unit_price,1,review
Coles,VIC METRO,"Coles Catalogue August 26 - September 2, 2025 VIC METRO",2025-08-26,2025-09-02,21,Coles Australian Roasted & Salted Peanuts 400g Pack,4.0,,,,special,400g,$10.00 per kg,Coles Australian Roasted & Salted | Peanuts 400g Pack $10.00 per kg,95.76,False,,https://caau.syd1.cdn.digitaloceanspaces.com/wp-content/uploads/catalogue/coles/coles-catalogue-august-26-september-2-2025-vic-metro/21.jpg,https://www.catalogueau.com/coles/#catalogue=coles/coles-catalogue-august-26-september-2-2025-vic-metro/,displayed_price,displayed_price;unit_price,2,verified
Coles,VIC METRO,"Coles Catalogue August 26 - September 2, 2025 VIC METRO",2025-08-26,2025-09-02,21,Coles Australian Brushed Potatoes 2kg Bag,4.5,,,,special,2kg,$2.25 per kg,Coles Australian Brushed Potatoes | 2kg Bag $2.25 per kg | he | AY,95.93,False,,https://caau.syd1.cdn.digitaloceanspaces.com/wp-content/uploads/catalogue/coles/coles-catalogue-august-26-september-2-2025-vic-metro/21.jpg,https://www.catalogueau.com/coles/#catalogue=coles/coles-catalogue-august-26-september-2-2025-vic-metro/,displayed_price,displayed_price;unit_price,2,verified
Coles,VIC METRO,"Coles Catalogue August 26 - September 2, 2025 VIC METRO",2025-08-26,2025-09-02,21,Australian Premium Strawberries 350g Punnet,5.9,,,,special,350g,$16.86 per kg,Australian Premium Strawberries | 350g Punnet $16.86 per kg | Re | 1 | mI | ey,95.22,False,,https://caau.syd1.cdn.digitaloceanspaces.com/wp-content/uploads/catalogue/coles/coles-catalogue-august-26-september-2-2025-vic-metro/21.jpg,https://www.catalogueau.com/coles/#catalogue=coles/coles-catalogue-august-26-september-2-2025-vic-metro/,displayed_price,displayed_price;unit_price,2,verified
Coles,VIC METRO,"Coles Catalogue August 26 - September 2, 2025 VIC METRO",2025-08-26,2025-09-02,21,Australian Bravo Apples,5.9,,,,special,,$5.90 per kg,Australian Bravo Apples | $5.90 per kg | e | cs,96.49,True,offer_labels_missing;save_amount_missing;regular_price_missing;single_price_evidence,https://caau.syd1.cdn.digitaloceanspaces.com/wp-content/uploads/catalogue/coles/coles-catalogue-august-26-september-2-2025-vic-metro/21.jpg,https://www.catalogueau.com/coles/#catalogue=coles/coles-catalogue-august-26-september-2-2025-vic-metro/,unknown,,0,review
Coles,VIC METRO,"Coles Catalogue August 26 - September 2, 2025 VIC METRO",2025-08-26,2025-09-02,22,Coles Beer Battered Steakhouse Chips 750g,4.5,,,,special,750g,$6.00 per kg,Coles Beer Battered Steakhouse | Chips 750g $6.00 per kg | 22,92.21,True,single_price_evidence,https://caau.syd1.cdn.digitaloceanspaces.com/wp-content/uploads/catalogue/coles/coles-catalogue-august-26-september-2-2025-vic-metro/22.jpg,https://www.catalogueau.com/coles/#catalogue=coles/coles-catalogue-august-26-september-2-2025-vic-metro/,unit_price,unit_price,1,review
Coles,VIC METRO,"Coles Catalogue August 26 - September 2, 2025 VIC METRO",2025-08-26,2025-09-02,22,Coles Premium Mushroom Sauce 200mL,4.0,,,,special,200mL,$2.00 per 100mL,Coles Premium Mushroom Sauce | 200mL $2.00 per 100mL,93.04,False,,https://caau.syd1.cdn.digitaloceanspaces.com/wp-content/uploads/catalogue/coles/coles-catalogue-august-26-september-2-2025-vic-metro/22.jpg,https://www.catalogueau.com/coles/#catalogue=coles/coles-catalogue-august-26-september-2-2025-vic-metro/,displayed_price,displayed_price;unit_price,2,verified
Coles,VIC METRO,"Coles Catalogue August 26 - September 2, 2025 VIC METRO",2025-08-26,2025-09-02,22,Coles Kitchen American BBQ Slaw Kit 400g Pack,4.5,,,,special,400g,$11.25 per kg,Coles Kitchen American BBQ | Slaw Kit 400g Pack $11.25 per kg,96.36,True,single_price_evidence,https://caau.syd1.cdn.digitaloceanspaces.com/wp-content/uploads/catalogue/coles/coles-catalogue-august-26-september-2-2025-vic-metro/22.jpg,https://www.catalogueau.com/coles/#catalogue=coles/coles-catalogue-august-26-september-2-2025-vic-metro/,unit_price,unit_price,1,review
Coles,VIC METRO,"Coles Catalogue August 26 - September 2, 2025 VIC METRO",2025-08-26,2025-09-02,23,Bonds Men's X-Temp Trunk 1 Pack,122.0,134.5,12.5,9.29,save_amount,1 Pack,,"SAVE=12,50 | Bonds Men's X-Temp Trunk | 1 | 1 Pack | cl",79.0,True,low_name_confidence_strict;single_price_evidence,https://caau.syd1.cdn.digitaloceanspaces.com/wp-content/uploads/catalogue/coles/coles-catalogue-august-26-september-2-2025-vic-metro/23.jpg,https://www.catalogueau.com/coles/#catalogue=coles/coles-catalogue-august-26-september-2-2025-vic-metro/,displayed_price,displayed_price,1,review
Coles,VIC METRO,"Coles Catalogue August 26 - September 2, 2025 VIC METRO",2025-08-26,2025-09-02,23,Bonds Men's Briefs 5 Pack,16.0,32.0,16.0,50.0,half_price,5 Pack,,SAVESI6 | ‘WAS§32 | Bonds Men's Briefs 5 Pack,96.53,False,,https://caau.syd1.cdn.digitaloceanspaces.com/wp-content/uploads/catalogue/coles/coles-catalogue-august-26-september-2-2025-vic-metro/23.jpg,https://www.catalogueau.com/coles/#catalogue=coles/coles-catalogue-august-26-september-2-2025-vic-metro/,save_was_arithmetic,displayed_price;save_was_arithmetic,2,verified
Coles,VIC METRO,"Coles Catalogue August 26 - September 2, 2025 VIC METRO",2025-08-26,2025-09-02,23,Koi For Men Hair & Beard Clipper 1 Pack,15.0,30.0,15.0,50.0,half_price,1 Pack,,SAVES15 | WAS$30 | Koi For Men Hair & Beard Clipper | 1 | 1 Pack | cl | —,79.0,True,low_name_confidence_strict;single_price_evidence,https://caau.syd1.cdn.digitaloceanspaces.com/wp-content/uploads/catalogue/coles/coles-catalogue-august-26-september-2-2025-vic-metro/23.jpg,https://www.catalogueau.com/coles/#catalogue=coles/coles-catalogue-august-26-september-2-2025-vic-metro/,save_was_arithmetic,save_was_arithmetic,1,review
Coles,VIC METRO,"Coles Catalogue August 26 - September 2, 2025 VIC METRO",2025-08-26,2025-09-02,23,Belkin Boostcharge USB-A Lightning Cable White,12.47,24.95,12.48,50.02,half_price,,,WAS$24.95 | WAS$24.95 | Belkin Boostcharge USB-A | Lightning Cable White,94.33,True,inferred_price_requires_review,https://caau.syd1.cdn.digitaloceanspaces.com/wp-content/uploads/catalogue/coles/coles-catalogue-august-26-september-2-2025-vic-metro/23.jpg,https://www.catalogueau.com/coles/#catalogue=coles/coles-catalogue-august-26-september-2-2025-vic-metro/,page_discount_inference,page_discount,0,review
Coles,VIC METRO,"Coles Catalogue August 26 - September 2, 2025 VIC METRO",2025-08-26,2025-09-02,23,Hallmark,6.0,,,,special,,,Hallmark $6.00 Father's Day Card | Range may vary by store,96.46,True,offer_labels_missing;save_amount_missing;regular_price_missing;inferred_price_requires_review,https://caau.syd1.cdn.digitaloceanspaces.com/wp-content/uploads/catalogue/coles/coles-catalogue-august-26-september-2-2025-vic-metro/23.jpg,https://www.catalogueau.com/coles/#catalogue=coles/coles-catalogue-august-26-september-2-2025-vic-metro/,displayed_price,displayed_price;grid_inference,1,review
Coles,VIC METRO,"Coles Catalogue August 26 - September 2, 2025 VIC METRO",2025-08-26,2025-09-02,23,Bonds Men's Chesty 1 Pack TExcludes Value Pack & clearance items,8.5,17.0,8.5,50.0,half_price,1 Pack,,Bonds Men's Chesty 1 Pack | TExcludes Value Pack & clearance items,94.47,True,offer_labels_missing;single_price_evidence,https://caau.syd1.cdn.digitaloceanspaces.com/wp-content/uploads/catalogue/coles/coles-catalogue-august-26-september-2-2025-vic-metro/23.jpg,https://www.catalogueau.com/coles/#catalogue=coles/coles-catalogue-august-26-september-2-2025-vic-metro/,displayed_price,displayed_price,1,review
Coles,VIC METRO,"Coles Catalogue August 26 - September 2, 2025 VIC METRO",2025-08-26,2025-09-02,23,1 Pack cl,5.0,,,,special,1 Pack,,1 | 1 Pack | cl | L®,79.0,True,offer_labels_missing;save_amount_missing;regular_price_missing;low_name_confidence_strict;single_price_evidence,https://caau.syd1.cdn.digitaloceanspaces.com/wp-content/uploads/catalogue/coles/coles-catalogue-august-26-september-2-2025-vic-metro/23.jpg,https://www.catalogueau.com/coles/#catalogue=coles/coles-catalogue-august-26-september-2-2025-vic-metro/,displayed_price,displayed_price,1,review
Coles,VIC METRO,"Coles Catalogue August 26 - September 2, 2025 VIC METRO",2025-08-26,2025-09-02,23,Jaws 50th Anniversary Mug,6.0,,,,special,,,Jaws 50th Anniversary Mug,96.5,True,offer_labels_missing;save_amount_missing;regular_price_missing;single_price_evidence,https://caau.syd1.cdn.digitaloceanspaces.com/wp-content/uploads/catalogue/coles/coles-catalogue-august-26-september-2-2025-vic-metro/23.jpg,https://www.catalogueau.com/coles/#catalogue=coles/coles-catalogue-august-26-september-2-2025-vic-metro/,displayed_price,displayed_price,1,review
Coles,VIC METRO,"Coles Catalogue August 26 - September 2, 2025 VIC METRO",2025-08-26,2025-09-02,23,Jaws 50th Anniversary Socks in a Can,3.0,,,,special,,,Jaws 50th Anniversary | Socks in a Can | ly of | l | e,94.97,True,offer_labels_missing;save_amount_missing;regular_price_missing;single_price_evidence,https://caau.syd1.cdn.digitaloceanspaces.com/wp-content/uploads/catalogue/coles/coles-catalogue-august-26-september-2-2025-vic-metro/23.jpg,https://www.catalogueau.com/coles/#catalogue=coles/coles-catalogue-august-26-september-2-2025-vic-metro/,displayed_price,displayed_price,1,review
Coles,VIC METRO,"Coles Catalogue August 26 - September 2, 2025 VIC METRO",2025-08-26,2025-09-02,24,Lindt Lindor Gift Box 235g,14.0,28.0,14.0,50.0,half_price,235g,$5.96 per 100g,WASS$28 | WASS$28 | Lindt Lindor Gift Box 235g | $5.96 per 100g,94.79,False,,https://caau.syd1.cdn.digitaloceanspaces.com/wp-content/uploads/catalogue/coles/coles-catalogue-august-26-september-2-2025-vic-metro/24.jpg,https://www.catalogueau.com/coles/#catalogue=coles/coles-catalogue-august-26-september-2-2025-vic-metro/,displayed_price,displayed_price;page_discount;unit_price,2,verified
Coles,VIC METRO,"Coles Catalogue August 26 - September 2, 2025 VIC METRO",2025-08-26,2025-09-02,24,Maltesers Gift Box 400g,7.75,15.5,7.75,50.0,half_price,400g,$1.94 per 100,WASS15.50 | WASS15.50 | Maltesers Gift Box 400g | $1.94 per 100 | On sale for 2 weeks | =,94.79,True,inferred_price_requires_review,https://caau.syd1.cdn.digitaloceanspaces.com/wp-content/uploads/catalogue/coles/coles-catalogue-august-26-september-2-2025-vic-metro/24.jpg,https://www.catalogueau.com/coles/#catalogue=coles/coles-catalogue-august-26-september-2-2025-vic-metro/,unit_price,page_discount;unit_price,1,review
Coles,VIC METRO,"Coles Catalogue August 26 - September 2, 2025 VIC METRO",2025-08-26,2025-09-02,24,Toblerone 340g-360g,10.0,20.0,10.0,50.0,half_price,340g; 360g,,WAS$20 | WAS$20 | Toblerone 340g-360g | On sale for 2 weeks,92.31,True,inferred_price_requires_review,https://caau.syd1.cdn.digitaloceanspaces.com/wp-content/uploads/catalogue/coles/coles-catalogue-august-26-september-2-2025-vic-metro/24.jpg,https://www.catalogueau.com/coles/#catalogue=coles/coles-catalogue-august-26-september-2-2025-vic-metro/,page_discount_inference,page_discount,0,review
Coles,VIC METRO,"Coles Catalogue August 26 - September 2, 2025 VIC METRO",2025-08-26,2025-09-02,24,Amott's Monte Carlo or Iced Tic Toc Biscuits 250g,3.0,4.0,1.0,25.0,save_amount,250g,$1.20 per 100g,WASS4 | WASS4 | Amott's Monte Carlo or | Iced Tic Toc Biscuits 250g | $1.20 per 100g | On sale for 2 weeks,79.0,True,low_name_confidence_strict,https://caau.syd1.cdn.digitaloceanspaces.com/wp-content/uploads/catalogue/coles/coles-catalogue-august-26-september-2-2025-vic-metro/24.jpg,https://www.catalogueau.com/coles/#catalogue=coles/coles-catalogue-august-26-september-2-2025-vic-metro/,displayed_price,displayed_price;unit_price,2,review
Coles,VIC METRO,"Coles Catalogue August 26 - September 2, 2025 VIC METRO",2025-08-26,2025-09-02,24,Arott's Malt Arnott's Malt 'O' Milk or Choc,1.65,3.3,1.65,50.0,half_price,,$1.00 per 100g,WASS3.30 | WASS3.30 | Arott's Malt | Arnott's Malt 'O' Milk or Choc | Milk or Choc | Ripple Biscuits 250: | $1.00 per 100g. 2nd week on sale | sat Fie,79.0,True,low_name_confidence_strict;inferred_price_requires_review,https://caau.syd1.cdn.digitaloceanspaces.com/wp-content/uploads/catalogue/coles/coles-catalogue-august-26-september-2-2025-vic-metro/24.jpg,https://www.catalogueau.com/coles/#catalogue=coles/coles-catalogue-august-26-september-2-2025-vic-metro/,page_discount_inference,page_discount,0,review
Coles,VIC METRO,"Coles Catalogue August 26 - September 2, 2025 VIC METRO",2025-08-26,2025-09-02,24,Arnott's Bluey or Shapes Crackers 7 Pack-8 Pack 168g-200g,2.5,5.0,2.5,50.0,half_price,7 Pack; 8 Pack; 168g; 200g,,WASS5 | WASS5 | Arnott's Bluey or Shapes Crackers | 7 Pack-8 Pack 168g-200g | a,89.95,True,inferred_price_requires_review,https://caau.syd1.cdn.digitaloceanspaces.com/wp-content/uploads/catalogue/coles/coles-catalogue-august-26-september-2-2025-vic-metro/24.jpg,https://www.catalogueau.com/coles/#catalogue=coles/coles-catalogue-august-26-september-2-2025-vic-metro/,page_discount_inference,page_discount,0,review
Coles,VIC METRO,"Coles Catalogue August 26 - September 2, 2025 VIC METRO",2025-08-26,2025-09-02,24,Cheezels 125g,2.5,3.5,1.0,28.57,save_amount,125g,$2.00 per 100g,WASS3.50 | WASS3.50 | Cheezels 125g | $2.00 per 100g | We | Coles Group e»,93.26,False,,https://caau.syd1.cdn.digitaloceanspaces.com/wp-content/uploads/catalogue/coles/coles-catalogue-august-26-september-2-2025-vic-metro/24.jpg,https://www.catalogueau.com/coles/#catalogue=coles/coles-catalogue-august-26-september-2-2025-vic-metro/,displayed_price,displayed_price;unit_price,2,verified
Coles,VIC METRO,"Coles Catalogue August 26 - September 2, 2025 VIC METRO",2025-08-26,2025-09-02,24,"Twisties, Burger Rings or Cheetos 125g-270g",4.0,,,,special,125g; 270g,,"Twisties, Burger Rings or Cheetos | 125g-270g | Coles Group acknowledges the Traditional Custodians of Country throughout Australia | We recognise their strength and pay our respect to Elders past, present and emerging | Coles Group extends that respect to all Aboriginal and Torres Strait Islanders people,",91.47,True,offer_labels_missing;save_amount_missing;regular_price_missing;single_price_evidence,https://caau.syd1.cdn.digitaloceanspaces.com/wp-content/uploads/catalogue/coles/coles-catalogue-august-26-september-2-2025-vic-metro/24.jpg,https://www.catalogueau.com/coles/#catalogue=coles/coles-catalogue-august-26-september-2-2025-vic-metro/,displayed_price,displayed_price,1,review
Coles,VIC METRO,"Coles Catalogue August 26 - September 2, 2025 VIC METRO",2025-08-26,2025-09-02,24,Smith's Crinkle Cut or Double Crunch Potato Chips 150g-170g,6.0,,,,special,150g; 170g,,Smith's Crinkle Cut or Double | Crunch Potato Chips 150g-170g | merging | Oy,95.37,True,offer_labels_missing;save_amount_missing;regular_price_missing;single_price_evidence,https://caau.syd1.cdn.digitaloceanspaces.com/wp-content/uploads/catalogue/coles/coles-catalogue-august-26-september-2-2025-vic-metro/24.jpg,https://www.catalogueau.com/coles/#catalogue=coles/coles-catalogue-august-26-september-2-2025-vic-metro/,displayed_price,displayed_price,1,review
Coles,VIC METRO,"Coles Catalogue August 26 - September 2, 2025 VIC METRO",2025-08-26,2025-09-02,25,Darrell Lea Bullets or Choc Twists 150g-204g,3.0,6.0,3.0,50.0,half_price,150g; 204g,,WASS6 | WASS6 | Darrell Lea Bullets or Choc Twists | 150g-204g *See page 31 forT&Cs | beet | yest | 1klg | Cr,92.76,True,inferred_price_requires_review,https://caau.syd1.cdn.digitaloceanspaces.com/wp-content/uploads/catalogue/coles/coles-catalogue-august-26-september-2-2025-vic-metro/25.jpg,https://www.catalogueau.com/coles/#catalogue=coles/coles-catalogue-august-26-september-2-2025-vic-metro/,page_discount_inference,page_discount,0,review
Coles,VIC METRO,"Coles Catalogue August 26 - September 2, 2025 VIC METRO",2025-08-26,2025-09-02,25,Darrell Lea Liquorice or Twists 260g-280g “See page 31 for T&Cs,2.75,5.5,2.75,50.0,half_price,260g; 280g,,WASS5.50 | WASS5.50 | Darrell Lea Liquorice or Twists | 260g-280g “See page 31 for T&Cs,89.26,True,product_name_suspicious;inferred_price_requires_review,https://caau.syd1.cdn.digitaloceanspaces.com/wp-content/uploads/catalogue/coles/coles-catalogue-august-26-september-2-2025-vic-metro/25.jpg,https://www.catalogueau.com/coles/#catalogue=coles/coles-catalogue-august-26-september-2-2025-vic-metro/,page_discount_inference,page_discount,0,review
Coles,VIC METRO,"Coles Catalogue August 26 - September 2, 2025 VIC METRO",2025-08-26,2025-09-02,25,Mars Chocolate Fun Size 132g-192g,3.5,7.0,3.5,50.0,half_price,132g; 192g,,WASS$7 | WASS$7 | Mars Chocolate Fun Size | 132g-192g | ARNOTTS | fl,91.16,True,inferred_price_requires_review,https://caau.syd1.cdn.digitaloceanspaces.com/wp-content/uploads/catalogue/coles/coles-catalogue-august-26-september-2-2025-vic-metro/25.jpg,https://www.catalogueau.com/coles/#catalogue=coles/coles-catalogue-august-26-september-2-2025-vic-metro/,page_discount_inference,page_discount,0,review
Coles,VIC METRO,"Coles Catalogue August 26 - September 2, 2025 VIC METRO",2025-08-26,2025-09-02,25,Cadbury Dairy Milk Block Chocolate 150g-190g,4.0,8.0,4.0,50.0,half_price,150g; 190g,,WASS$8 | WASS$8 | Cadbury Dairy Milk Block | Chocolate 150g-190g,94.21,True,inferred_price_requires_review,https://caau.syd1.cdn.digitaloceanspaces.com/wp-content/uploads/catalogue/coles/coles-catalogue-august-26-september-2-2025-vic-metro/25.jpg,https://www.catalogueau.com/coles/#catalogue=coles/coles-catalogue-august-26-september-2-2025-vic-metro/,page_discount_inference,page_discount,0,review
Coles,VIC METRO,"Coles Catalogue August 26 - September 2, 2025 VIC METRO",2025-08-26,2025-09-02,25,Arnott's Savoy Minis Crackers 170g,3.0,,,,special,170g,$1.76 per 100g,Arnott's Savoy Minis Crackers 170g | $1.76 per 100g | $ | ALWAYS | MES,94.95,True,offer_labels_missing;save_amount_missing;regular_price_missing,https://caau.syd1.cdn.digitaloceanspaces.com/wp-content/uploads/catalogue/coles/coles-catalogue-august-26-september-2-2025-vic-metro/25.jpg,https://www.catalogueau.com/coles/#catalogue=coles/coles-catalogue-august-26-september-2-2025-vic-metro/,displayed_price,displayed_price;grid_inference;unit_price,2,review
Coles,VIC METRO,"Coles Catalogue August 26 - September 2, 2025 VIC METRO",2025-08-26,2025-09-02,25,Always Fresh Grissini or Crustini Crackers 120g-125g,4.0,,,,special,120g; 125g,,Always Fresh Grissini or Crustini | Crackers 120g-125g,92.86,True,offer_labels_missing;save_amount_missing;regular_price_missing;inferred_price_requires_review,https://caau.syd1.cdn.digitaloceanspaces.com/wp-content/uploads/catalogue/coles/coles-catalogue-august-26-september-2-2025-vic-metro/25.jpg,https://www.catalogueau.com/coles/#catalogue=coles/coles-catalogue-august-26-september-2-2025-vic-metro/,displayed_price,displayed_price;grid_inference,1,review
Coles,VIC METRO,"Coles Catalogue August 26 - September 2, 2025 VIC METRO",2025-08-26,2025-09-02,26,Monster Energy Drink 500mL,3.0,4.3,1.3,30.23,save_amount,500mL,$6.00 per litre,WAS$4.30_ | WAS$4.30_ | Monster Energy Drink 500mL | $6.00 per litre | = | 2,94.76,False,,https://caau.syd1.cdn.digitaloceanspaces.com/wp-content/uploads/catalogue/coles/coles-catalogue-august-26-september-2-2025-vic-metro/26.jpg,https://www.catalogueau.com/coles/#catalogue=coles/coles-catalogue-august-26-september-2-2025-vic-metro/,displayed_price,displayed_price;unit_price,2,verified
Coles,VIC METRO,"Coles Catalogue August 26 - September 2, 2025 VIC METRO",2025-08-26,2025-09-02,26,Golden Circle Mango Nectar or Apple Juice 2 Litre,3.5,4.8,1.3,27.08,save_amount,2 Litre,$1.75 per litre,WASS4.80 | WASS4.80 | Golden Circle Mango Nectar | or Apple Juice 2 Litre | $1.75 per litre | 2,96.47,True,single_price_evidence,https://caau.syd1.cdn.digitaloceanspaces.com/wp-content/uploads/catalogue/coles/coles-catalogue-august-26-september-2-2025-vic-metro/26.jpg,https://www.catalogueau.com/coles/#catalogue=coles/coles-catalogue-august-26-september-2-2025-vic-metro/,unit_price,unit_price,1,review
Coles,VIC METRO,"Coles Catalogue August 26 - September 2, 2025 VIC METRO",2025-08-26,2025-09-02,26,Bickford's Cordial 750mL,4.4,5.5,1.1,20.0,save_amount,750mL,$5.87 per litre,WASS5.50 | WASS5.50 | Bickford's Cordial 750mL | $5.87 per litre | —— | a,92.21,True,single_price_evidence,https://caau.syd1.cdn.digitaloceanspaces.com/wp-content/uploads/catalogue/coles/coles-catalogue-august-26-september-2-2025-vic-metro/26.jpg,https://www.catalogueau.com/coles/#catalogue=coles/coles-catalogue-august-26-september-2-2025-vic-metro/,unit_price,unit_price,1,review
Coles,VIC METRO,"Coles Catalogue August 26 - September 2, 2025 VIC METRO",2025-08-26,2025-09-02,26,V8 Juice 1.25 Litre,4.4,5.5,1.1,20.0,save_amount,1.25 Litre,$3.52 per litre,WASS5.50 | WASS5.50 | V8 Juice 1.25 Litre | $3.52 per litre,95.96,False,,https://caau.syd1.cdn.digitaloceanspaces.com/wp-content/uploads/catalogue/coles/coles-catalogue-august-26-september-2-2025-vic-metro/26.jpg,https://www.catalogueau.com/coles/#catalogue=coles/coles-catalogue-august-26-september-2-2025-vic-metro/,displayed_price,displayed_price;unit_price,2,verified
Coles,VIC METRO,"Coles Catalogue August 26 - September 2, 2025 VIC METRO",2025-08-26,2025-09-02,26,Ocean Spray Drink 1.5 Litre,5.0,6.4,1.4,21.87,save_amount,1.5 Litre,$3.33 per litre,WASS$6.40 | WASS$6.40 | Ocean Spray Drink 1.5 Litre | $3.33 per litre. | On sale for 2 weeks,96.21,False,,https://caau.syd1.cdn.digitaloceanspaces.com/wp-content/uploads/catalogue/coles/coles-catalogue-august-26-september-2-2025-vic-metro/26.jpg,https://www.catalogueau.com/coles/#catalogue=coles/coles-catalogue-august-26-september-2-2025-vic-metro/,displayed_price,displayed_price;unit_price,2,verified
Coles,VIC METRO,"Coles Catalogue August 26 - September 2, 2025 VIC METRO",2025-08-26,2025-09-02,26,Remedy Kombucha or Ginger Beer 4x250mL,6.65,9.5,2.85,30.0,save_amount,4x250mL,$6.65 per litre,WASS9.50 | WASS9.50 | Remedy Kombucha or | Ginger Beer 4x250mL | $6.65 per litre,93.3,True,single_price_evidence,https://caau.syd1.cdn.digitaloceanspaces.com/wp-content/uploads/catalogue/coles/coles-catalogue-august-26-september-2-2025-vic-metro/26.jpg,https://www.catalogueau.com/coles/#catalogue=coles/coles-catalogue-august-26-september-2-2025-vic-metro/,unit_price,unit_price,1,review
Coles,VIC METRO,"Coles Catalogue August 26 - September 2, 2025 VIC METRO",2025-08-26,2025-09-02,26,VIC-METRO-2708-25-462959,9.0,,,,special,,,VIC-METRO-2708-25-462959,90.92,True,offer_labels_missing;save_amount_missing;regular_price_missing;single_price_evidence,https://caau.syd1.cdn.digitaloceanspaces.com/wp-content/uploads/catalogue/coles/coles-catalogue-august-26-september-2-2025-vic-metro/26.jpg,https://www.catalogueau.com/coles/#catalogue=coles/coles-catalogue-august-26-september-2-2025-vic-metro/,displayed_price,displayed_price,1,review
Coles,VIC METRO,"Coles Catalogue August 26 - September 2, 2025 VIC METRO",2025-08-26,2025-09-02,27,Schweppes Soft Drink 1.1 Litre,1.8,3.0,1.2,40.0,save_amount,1.1 Litre,$1.64 per litre,SAVES1.20 | Schweppes Soft Drink 1.1 Litre | $1.64 per litre | «2 | | | =,96.08,True,single_price_evidence,https://caau.syd1.cdn.digitaloceanspaces.com/wp-content/uploads/catalogue/coles/coles-catalogue-august-26-september-2-2025-vic-metro/27.jpg,https://www.catalogueau.com/coles/#catalogue=coles/coles-catalogue-august-26-september-2-2025-vic-metro/,unit_price,unit_price,1,review
Coles,VIC METRO,"Coles Catalogue August 26 - September 2, 2025 VIC METRO",2025-08-26,2025-09-02,27,Mt Franklin Lightly Sparkling Water 1.25 Litre,1.95,3.25,1.3,40.0,save_amount,1.25 Litre,$1.56 per litre,SAVES1.30 | Mt Franklin Lightly Sparkling | Water 1.25 Litre $1.56 per litre | «2,95.83,False,,https://caau.syd1.cdn.digitaloceanspaces.com/wp-content/uploads/catalogue/coles/coles-catalogue-august-26-september-2-2025-vic-metro/27.jpg,https://www.catalogueau.com/coles/#catalogue=coles/coles-catalogue-august-26-september-2-2025-vic-metro/,displayed_price,displayed_price;unit_price,2,verified
Coles,VIC METRO,"Coles Catalogue August 26 - September 2, 2025 VIC METRO",2025-08-26,2025-09-02,27,Fanta or Sprite Soft Drink 1.25 Litre,2.4,4.0,1.6,40.0,save_amount,1.25 Litre,$1.92 per litre,SAVE*1.60 | WAS $4 | Fanta or Sprite Soft Drink | 1.25 Litre $1.92 per litre | *See page 31 forT&Cs | — | | i,96.28,False,,https://caau.syd1.cdn.digitaloceanspaces.com/wp-content/uploads/catalogue/coles/coles-catalogue-august-26-september-2-2025-vic-metro/27.jpg,https://www.catalogueau.com/coles/#catalogue=coles/coles-catalogue-august-26-september-2-2025-vic-metro/,save_was_arithmetic,save_was_arithmetic;unit_price,2,verified
Coles,VIC METRO,"Coles Catalogue August 26 - September 2, 2025 VIC METRO",2025-08-26,2025-09-02,27,Coca-Cola Soft Drink 1.25 Litre,2.4,4.0,1.6,40.0,save_amount,1.25 Litre,$1.92 per litre,SAVES1.60 | Coca-Cola Soft Drink 1.25 Litre | $1.92 per litre | =,95.17,True,single_price_evidence,https://caau.syd1.cdn.digitaloceanspaces.com/wp-content/uploads/catalogue/coles/coles-catalogue-august-26-september-2-2025-vic-metro/27.jpg,https://www.catalogueau.com/coles/#catalogue=coles/coles-catalogue-august-26-september-2-2025-vic-metro/,unit_price,unit_price,1,review
Coles,VIC METRO,"Coles Catalogue August 26 - September 2, 2025 VIC METRO",2025-08-26,2025-09-02,27,Gatorade Sports Drink or G Active Water 600mL,2.5,4.2,1.7,40.48,save_amount,600mL,$4.17 per litre,SAVES1.70 | WASS4.20 | Gatorade Sports Drink or | G Active Water 600mL | $4.17 per litre | _— | aeener,94.86,False,,https://caau.syd1.cdn.digitaloceanspaces.com/wp-content/uploads/catalogue/coles/coles-catalogue-august-26-september-2-2025-vic-metro/27.jpg,https://www.catalogueau.com/coles/#catalogue=coles/coles-catalogue-august-26-september-2-2025-vic-metro/,save_was_arithmetic,save_was_arithmetic;unit_price,2,verified
Coles,VIC METRO,"Coles Catalogue August 26 - September 2, 2025 VIC METRO",2025-08-26,2025-09-02,27,Cocobella Straight Up Coconut Water 1 Litre,3.3,5.5,2.2,40.0,save_amount,1 Litre,$3.30 per litre,SAVES2.20 | WASS5.50 | Cocobella Straight Up | Coconut Water 1 Litre | $3.30 per litre,94.33,False,,https://caau.syd1.cdn.digitaloceanspaces.com/wp-content/uploads/catalogue/coles/coles-catalogue-august-26-september-2-2025-vic-metro/27.jpg,https://www.catalogueau.com/coles/#catalogue=coles/coles-catalogue-august-26-september-2-2025-vic-metro/,save_was_arithmetic,save_was_arithmetic;unit_price,2,verified
Coles,VIC METRO,"Coles Catalogue August 26 - September 2, 2025 VIC METRO",2025-08-26,2025-09-02,27,"Cadbury, Europe or Pascal Chocolate Bitesize 120g-185g",4.0,7.0,3.0,42.86,save_amount,120g; 185g,,"SAVES3 | WASS7 | Cadbury, Europe or Pascal | Chocolate Bitesize 120g-185g | VIC-METRO-2708-25-462959",81.64,True,single_price_evidence,https://caau.syd1.cdn.digitaloceanspaces.com/wp-content/uploads/catalogue/coles/coles-catalogue-august-26-september-2-2025-vic-metro/27.jpg,https://www.catalogueau.com/coles/#catalogue=coles/coles-catalogue-august-26-september-2-2025-vic-metro/,save_was_arithmetic,save_was_arithmetic,1,review
Coles,VIC METRO,"Coles Catalogue August 26 - September 2, 2025 VIC METRO",2025-08-26,2025-09-02,27,Pepsi Max or Solo Zero Sugar Soft Drink 24x375mL,22.5,37.5,15.0,40.0,save_amount,24x375mL,$2.50 per litre,"SAVE*15, | WAS $37.50 | Pepsi Max or Solo Zero Sugar | Soft Drink 24x375mL | $2.50 per litre | 27",94.9,False,,https://caau.syd1.cdn.digitaloceanspaces.com/wp-content/uploads/catalogue/coles/coles-catalogue-august-26-september-2-2025-vic-metro/27.jpg,https://www.catalogueau.com/coles/#catalogue=coles/coles-catalogue-august-26-september-2-2025-vic-metro/,save_was_arithmetic,displayed_price;save_was_arithmetic;unit_price,3,verified
Coles,VIC METRO,"Coles Catalogue August 26 - September 2, 2025 VIC METRO",2025-08-26,2025-09-02,27,Coca-Cola Soft Drink 30x375mL,30.0,50.0,20.0,40.0,save_amount,30x375mL,$2.67 per litre,SAVE‘520 | ‘WAS§50 | Coca-Cola Soft Drink | 30x375mL $2.67 per litre,95.3,True,single_price_evidence,https://caau.syd1.cdn.digitaloceanspaces.com/wp-content/uploads/catalogue/coles/coles-catalogue-august-26-september-2-2025-vic-metro/27.jpg,https://www.catalogueau.com/coles/#catalogue=coles/coles-catalogue-august-26-september-2-2025-vic-metro/,unknown,,0,review
Coles,VIC METRO,"Coles Catalogue August 26 - September 2, 2025 VIC METRO",2025-08-26,2025-09-02,28,Powerade Sports Drink 1 Litre,2.8,5.6,2.8,50.0,half_price,1 Litre,$2.80 per litre,SAVE‘2.80 | WASS5.60 | Powerade Sports Drink 1 Litre | $2.80 per litre,95.56,False,,https://caau.syd1.cdn.digitaloceanspaces.com/wp-content/uploads/catalogue/coles/coles-catalogue-august-26-september-2-2025-vic-metro/28.jpg,https://www.catalogueau.com/coles/#catalogue=coles/coles-catalogue-august-26-september-2-2025-vic-metro/,save_was_arithmetic,displayed_price;save_was_arithmetic;unit_price,3,verified
Coles,VIC METRO,"Coles Catalogue August 26 - September 2, 2025 VIC METRO",2025-08-26,2025-09-02,28,Gatorade Fast Twitch Energy Drink 350mL,2.5,4.2,1.7,40.48,save_amount,350mL,$7.14 per litre,SAVE‘51.70 | ‘WAS$4.20 | Gatorade Fast Twitch Energy | Drink 350mL $7.14 per litre | SS,95.35,False,,https://caau.syd1.cdn.digitaloceanspaces.com/wp-content/uploads/catalogue/coles/coles-catalogue-august-26-september-2-2025-vic-metro/28.jpg,https://www.catalogueau.com/coles/#catalogue=coles/coles-catalogue-august-26-september-2-2025-vic-metro/,displayed_price,displayed_price;unit_price,2,verified
Coles,VIC METRO,"Coles Catalogue August 26 - September 2, 2025 VIC METRO",2025-08-26,2025-09-02,28,H2coco Coconut Water 500mL,2.0,2.5,0.5,20.0,save_amount,500mL,$4.00 per litre,SAVE50¢ | WASS2.50 | H2coco Coconut Water 500mL | $4.00 per litre | A Pack,92.73,False,,https://caau.syd1.cdn.digitaloceanspaces.com/wp-content/uploads/catalogue/coles/coles-catalogue-august-26-september-2-2025-vic-metro/28.jpg,https://www.catalogueau.com/coles/#catalogue=coles/coles-catalogue-august-26-september-2-2025-vic-metro/,displayed_price,displayed_price;unit_price,2,verified
Coles,VIC METRO,"Coles Catalogue August 26 - September 2, 2025 VIC METRO",2025-08-26,2025-09-02,28,Bundaberg Brewed Soft Drink 4x375mL,5.75,7.7,1.95,25.32,save_amount,4x375mL,$3.83 per litre,SAVES1.95 | $77 | Bundaberg Brewed Soft Drink | 4x375mL $3.83 per litre,95.12,False,,https://caau.syd1.cdn.digitaloceanspaces.com/wp-content/uploads/catalogue/coles/coles-catalogue-august-26-september-2-2025-vic-metro/28.jpg,https://www.catalogueau.com/coles/#catalogue=coles/coles-catalogue-august-26-september-2-2025-vic-metro/,displayed_price,displayed_price;unit_price,2,verified
Coles,VIC METRO,"Coles Catalogue August 26 - September 2, 2025 VIC METRO",2025-08-26,2025-09-02,28,Red Bull Energy Drink 4x250mL,8.75,11.75,3.0,25.53,save_amount,4x250mL,$8.75 per litre,SAVES3 | Red Bull Energy Drink 4x250mL | $8.75 per litre | VIC-METRO-2708-25-462959,94.48,False,,https://caau.syd1.cdn.digitaloceanspaces.com/wp-content/uploads/catalogue/coles/coles-catalogue-august-26-september-2-2025-vic-metro/28.jpg,https://www.catalogueau.com/coles/#catalogue=coles/coles-catalogue-august-26-september-2-2025-vic-metro/,displayed_price,displayed_price;unit_price,2,verified
Coles,VIC METRO,"Coles Catalogue August 26 - September 2, 2025 VIC METRO",2025-08-26,2025-09-02,28,Boss Iced Coffee 4x237mL,8.8,14.7,5.9,40.14,save_amount,4x237mL,$9.28 per litre,SAVES5.90 | Boss Iced Coffee 4x237mL | $9.28 per litre | 28,93.77,False,,https://caau.syd1.cdn.digitaloceanspaces.com/wp-content/uploads/catalogue/coles/coles-catalogue-august-26-september-2-2025-vic-metro/28.jpg,https://www.catalogueau.com/coles/#catalogue=coles/coles-catalogue-august-26-september-2-2025-vic-metro/,displayed_price,displayed_price;unit_price,2,verified
Coles,VIC METRO,"Coles Catalogue August 26 - September 2, 2025 VIC METRO",2025-08-26,2025-09-02,28,Solo Lemon Energy Drink 500mL,3.0,4.2,1.2,28.57,save_amount,500mL,$6.00 per litre,SAVE‘1.20 | WASS4.20 | Solo Lemon Energy Drink | 500mL $6.00 per litre,95.26,False,,https://caau.syd1.cdn.digitaloceanspaces.com/wp-content/uploads/catalogue/coles/coles-catalogue-august-26-september-2-2025-vic-metro/28.jpg,https://www.catalogueau.com/coles/#catalogue=coles/coles-catalogue-august-26-september-2-2025-vic-metro/,save_was_arithmetic,displayed_price;save_was_arithmetic;unit_price,3,verified
Coles,VIC METRO,"Coles Catalogue August 26 - September 2, 2025 VIC METRO",2025-08-26,2025-09-02,29,Lavazza Espresso Barista Coffee Beans 1kg,30.0,50.0,20.0,40.0,save_amount,1kg,$3.00 per 100g,WASS50 | WASS50 | Lavazza Espresso Barista Coffee Beans 1kg | $3.00 per 100g. Excludes Organic,93.81,False,,https://caau.syd1.cdn.digitaloceanspaces.com/wp-content/uploads/catalogue/coles/coles-catalogue-august-26-september-2-2025-vic-metro/29.jpg,https://www.catalogueau.com/coles/#catalogue=coles/coles-catalogue-august-26-september-2-2025-vic-metro/,displayed_price,displayed_price;page_discount;unit_price,2,verified
Coles,VIC METRO,"Coles Catalogue August 26 - September 2, 2025 VIC METRO",2025-08-26,2025-09-02,29,Sanitarium So Good Almond Milk 1 Litre,2.0,2.9,0.9,31.03,save_amount,1 Litre,$2.00 per litre,WAS$2.90 | WAS$2.90 | Sanitarium So Good Almond | Milk 1 Litre $2.00 per litre,96.39,False,,https://caau.syd1.cdn.digitaloceanspaces.com/wp-content/uploads/catalogue/coles/coles-catalogue-august-26-september-2-2025-vic-metro/29.jpg,https://www.catalogueau.com/coles/#catalogue=coles/coles-catalogue-august-26-september-2-2025-vic-metro/,displayed_price,displayed_price;unit_price,2,verified
Coles,VIC METRO,"Coles Catalogue August 26 - September 2, 2025 VIC METRO",2025-08-26,2025-09-02,29,Muscle Nation Custard Protein Bar 60g,3.6,4.5,0.9,20.0,save_amount,60g,$6.00 per 100g,"WASS4.50 | WASS4.50 | Muscle Nation Custard Protein Bar | 60g $6.00 per 100g | ao a,",96.42,False,,https://caau.syd1.cdn.digitaloceanspaces.com/wp-content/uploads/catalogue/coles/coles-catalogue-august-26-september-2-2025-vic-metro/29.jpg,https://www.catalogueau.com/coles/#catalogue=coles/coles-catalogue-august-26-september-2-2025-vic-metro/,displayed_price,displayed_price;unit_price,2,verified
Coles,VIC METRO,"Coles Catalogue August 26 - September 2, 2025 VIC METRO",2025-08-26,2025-09-02,29,Starbucks by Nespresso Coffee Capsules 10 Pack,6.5,8.7,2.2,25.29,save_amount,10 Pack,$0.65 per each,WASS8.70 | WASS8.70 | Starbucks by Nespresso | Coffee Capsules 10 Pack | $0.65 per each | ~ | 7 | &,96.57,True,single_price_evidence,https://caau.syd1.cdn.digitaloceanspaces.com/wp-content/uploads/catalogue/coles/coles-catalogue-august-26-september-2-2025-vic-metro/29.jpg,https://www.catalogueau.com/coles/#catalogue=coles/coles-catalogue-august-26-september-2-2025-vic-metro/,unit_price,unit_price,1,review
Coles,VIC METRO,"Coles Catalogue August 26 - September 2, 2025 VIC METRO",2025-08-26,2025-09-02,29,Musashi Protein Crisp Bar 60g,3.9,4.9,1.0,20.41,save_amount,60g,$6.50 per 100g,WASS4.90 | WASS4.90 | Musashi Protein Crisp Bar 60g | $6.50 per 100g | vi),96.66,True,single_price_evidence,https://caau.syd1.cdn.digitaloceanspaces.com/wp-content/uploads/catalogue/coles/coles-catalogue-august-26-september-2-2025-vic-metro/29.jpg,https://www.catalogueau.com/coles/#catalogue=coles/coles-catalogue-august-26-september-2-2025-vic-metro/,unit_price,unit_price,1,review
Coles,VIC METRO,"Coles Catalogue August 26 - September 2, 2025 VIC METRO",2025-08-26,2025-09-02,29,Moccona Freeze Dried Instant Coffee 400g,26.0,37.5,11.5,30.67,save_amount,400g,$6.50 per 100g,WAS$37.50 | WAS$37.50 | Moccona Freeze Dried | Instant Coffee 400g | $6.50 per 100g | *See page 31 forT&Cs,95.64,False,,https://caau.syd1.cdn.digitaloceanspaces.com/wp-content/uploads/catalogue/coles/coles-catalogue-august-26-september-2-2025-vic-metro/29.jpg,https://www.catalogueau.com/coles/#catalogue=coles/coles-catalogue-august-26-september-2-2025-vic-metro/,displayed_price,displayed_price;unit_price,2,verified
Coles,VIC METRO,"Coles Catalogue August 26 - September 2, 2025 VIC METRO",2025-08-26,2025-09-02,29,Nestlé Sweetened Condensed Milk 395g-410g,2.28,3.8,1.52,40.0,save_amount,395g; 410g,,WAS $3.80 | WAS $3.80 | Nestlé Sweetened | Condensed Milk | 395g-410g | VIC-METRO-2708-25-462959,94.73,True,inferred_price_requires_review,https://caau.syd1.cdn.digitaloceanspaces.com/wp-content/uploads/catalogue/coles/coles-catalogue-august-26-september-2-2025-vic-metro/29.jpg,https://www.catalogueau.com/coles/#catalogue=coles/coles-catalogue-august-26-september-2-2025-vic-metro/,page_discount_inference,page_discount,0,review
Coles,VIC METRO,"Coles Catalogue August 26 - September 2, 2025 VIC METRO",2025-08-26,2025-09-02,29,Bega Smooth or Crunchy Peanut Butter 470g,5.5,6.9,1.4,20.29,save_amount,470g,$1.17 per 100g,WASS6.90 | WASS6.90 | Bega Smooth or | Crunchy Peanut Butter | 470g $1.17 per 100g,96.26,False,,https://caau.syd1.cdn.digitaloceanspaces.com/wp-content/uploads/catalogue/coles/coles-catalogue-august-26-september-2-2025-vic-metro/29.jpg,https://www.catalogueau.com/coles/#catalogue=coles/coles-catalogue-august-26-september-2-2025-vic-metro/,displayed_price,displayed_price;unit_price,2,verified
Coles,VIC METRO,"Coles Catalogue August 26 - September 2, 2025 VIC METRO",2025-08-26,2025-09-02,29,Nescafé Blend 43 140g-150g,8.7,14.5,5.8,40.0,save_amount,140g; 150g,,‘WAS$14.50 | ‘WAS$14.50 | Nescafé Blend 43 | 140g-150g | Excludes Decaf,79.0,True,low_name_confidence_strict;inferred_price_requires_review,https://caau.syd1.cdn.digitaloceanspaces.com/wp-content/uploads/catalogue/coles/coles-catalogue-august-26-september-2-2025-vic-metro/29.jpg,https://www.catalogueau.com/coles/#catalogue=coles/coles-catalogue-august-26-september-2-2025-vic-metro/,page_discount_inference,page_discount,0,review
Coles,VIC METRO,"Coles Catalogue August 26 - September 2, 2025 VIC METRO",2025-08-26,2025-09-02,31,Sanitarium Weet-Bix 575g,3.0,4.4,1.4,31.82,save_amount,575g,$0.52 per 100g,SAVE 51.40 | WASS4.40 | Sanitarium Weet-Bix 575g | $0.52 per 100g | pad,93.31,False,,https://caau.syd1.cdn.digitaloceanspaces.com/wp-content/uploads/catalogue/coles/coles-catalogue-august-26-september-2-2025-vic-metro/31.jpg,https://www.catalogueau.com/coles/#catalogue=coles/coles-catalogue-august-26-september-2-2025-vic-metro/,save_was_arithmetic,displayed_price;save_was_arithmetic;unit_price,3,verified
Coles,VIC METRO,"Coles Catalogue August 26 - September 2, 2025 VIC METRO",2025-08-26,2025-09-02,31,‘Carman's Nut or Muesli Bars 140g-270g,6.0,7.5,1.5,20.0,save_amount,140g; 270g,,SAVE51.50 | WASS$7.50 | ‘Carman's Nut or Muesli | Bars 140g-270g,87.67,True,single_price_evidence,https://caau.syd1.cdn.digitaloceanspaces.com/wp-content/uploads/catalogue/coles/coles-catalogue-august-26-september-2-2025-vic-metro/31.jpg,https://www.catalogueau.com/coles/#catalogue=coles/coles-catalogue-august-26-september-2-2025-vic-metro/,displayed_price,displayed_price,1,review
Coles,VIC METRO,"Coles Catalogue August 26 - September 2, 2025 VIC METRO",2025-08-26,2025-09-02,31,Fibre One Bars or Squares 105g-120,4.7,6.9,2.2,31.88,save_amount,105g,,SAVE%2.20 | WASS6.90 | Fibre One Bars or Squares | 105g-120 | or Nature Valley | Crunchy Bars 252g,79.0,True,low_name_confidence_strict;single_price_evidence,https://caau.syd1.cdn.digitaloceanspaces.com/wp-content/uploads/catalogue/coles/coles-catalogue-august-26-september-2-2025-vic-metro/31.jpg,https://www.catalogueau.com/coles/#catalogue=coles/coles-catalogue-august-26-september-2-2025-vic-metro/,save_was_arithmetic,save_was_arithmetic,1,review
Coles,VIC METRO,"Coles Catalogue August 26 - September 2, 2025 VIC METRO",2025-08-26,2025-09-02,31,Uncle Tobys Oats Big Bowl Sachets 368g,5.0,6.5,1.5,23.08,save_amount,368g,$1.36 per 100g,SAVE51.50 | WASS6.50 | Uncle Tobys Oats Big Bowl | Sachets 368g $1.36 per 100g | — | = | ———S,93.42,False,,https://caau.syd1.cdn.digitaloceanspaces.com/wp-content/uploads/catalogue/coles/coles-catalogue-august-26-september-2-2025-vic-metro/31.jpg,https://www.catalogueau.com/coles/#catalogue=coles/coles-catalogue-august-26-september-2-2025-vic-metro/,displayed_price,displayed_price;unit_price,2,verified
Coles,VIC METRO,"Coles Catalogue August 26 - September 2, 2025 VIC METRO",2025-08-26,2025-09-02,31,Uncle Tobys Le Snak Value Pack 264g,8.0,10.0,2.0,20.0,save_amount,264g,$3.03 per 100g,SAVE‘2 | WASS10 | Uncle Tobys Le Snak Value Pack | 264g $3.03 per 100g,95.48,False,,https://caau.syd1.cdn.digitaloceanspaces.com/wp-content/uploads/catalogue/coles/coles-catalogue-august-26-september-2-2025-vic-metro/31.jpg,https://www.catalogueau.com/coles/#catalogue=coles/coles-catalogue-august-26-september-2-2025-vic-metro/,save_was_arithmetic,displayed_price;save_was_arithmetic;unit_price,3,verified
Coles,VIC METRO,"Coles Catalogue August 26 - September 2, 2025 VIC METRO",2025-08-26,2025-09-02,31,Pureharvest Organic Unsweetened Almond Milk 1 Litre,2.6,3.4,0.8,23.53,save_amount,1 Litre,$2.60 per litre,SAVE 80‘ | WAS$3.40 | Pureharvest Organic Unsweetened | Almond Milk 1 Litre $2.60 per litre,95.52,True,single_price_evidence,https://caau.syd1.cdn.digitaloceanspaces.com/wp-content/uploads/catalogue/coles/coles-catalogue-august-26-september-2-2025-vic-metro/31.jpg,https://www.catalogueau.com/coles/#catalogue=coles/coles-catalogue-august-26-september-2-2025-vic-metro/,unit_price,unit_price,1,review
Coles,VIC METRO,"Coles Catalogue August 26 - September 2, 2025 VIC METRO",2025-08-26,2025-09-02,31,Mayver's Smooth Sweet & Salty Peanut Butter 375g,5.0,6.3,1.3,20.63,save_amount,375g,$1.33 per 100g,SAVES1.30 | WASS6.30 | Mayver's Smooth Sweet & Salty | Peanut Butter 375g | $1.33 per 100g | Shop. Scan. Win! | *Competition ends 02/9/25. Open to AU res. 18yrs+ and a registered Flybuys member. Receive a bonus entry for | products purchased from a. participating brand Limit of,95.43,False,,https://caau.syd1.cdn.digitaloceanspaces.com/wp-content/uploads/catalogue/coles/coles-catalogue-august-26-september-2-2025-vic-metro/31.jpg,https://www.catalogueau.com/coles/#catalogue=coles/coles-catalogue-august-26-september-2-2025-vic-metro/,save_was_arithmetic,displayed_price;save_was_arithmetic;unit_price,3,verified
Coles,VIC METRO,"Coles Catalogue August 26 - September 2, 2025 VIC METRO",2025-08-26,2025-09-02,31,Lotus Biscoff Spread 380g-400g *Competition ends 02/9/25. Open to AU res. 18yrs+ and a registered Flybuys member. Receive a bonus entry for,6.0,7.5,1.5,20.0,save_amount,380g; 400g,,SAVES1.50 | WAS$7.50 | Lotus Biscoff Spread 380g-400g | *Competition ends 02/9/25. Open to AU res. 18yrs+ and a registered Flybuys member. Receive a bonus entry for | products purchased from a participating brand Limit of three (3) bonus entries per brand per transaction. Win | ree (3) bonus entries per brand per transaction. Win,92.84,True,product_name_suspicious,https://caau.syd1.cdn.digitaloceanspaces.com/wp-content/uploads/catalogue/coles/coles-catalogue-august-26-september-2-2025-vic-metro/31.jpg,https://www.catalogueau.com/coles/#catalogue=coles/coles-catalogue-august-26-september-2-2025-vic-metro/,save_was_arithmetic,displayed_price;save_was_arithmetic,2,review
Coles,VIC METRO,"Coles Catalogue August 26 - September 2, 2025 VIC METRO",2025-08-26,2025-09-02,31,Lotus Biscoff Spread 380g-400g ree (3) bonus entries per brand per transaction. Win,6.0,7.5,1.5,20.0,save_amount,380g; 400g,,Lotus Biscoff Spread 380g-400g | ree (3) bonus entries per brand per transaction. Win,79.0,True,offer_labels_missing;low_name_confidence_strict;product_name_suspicious;single_price_evidence,https://caau.syd1.cdn.digitaloceanspaces.com/wp-content/uploads/catalogue/coles/coles-catalogue-august-26-september-2-2025-vic-metro/31.jpg,https://www.catalogueau.com/coles/#catalogue=coles/coles-catalogue-august-26-september-2-2025-vic-metro/,displayed_price,displayed_price,1,review
Coles,VIC METRO,"Coles Catalogue August 26 - September 2, 2025 VIC METRO",2025-08-26,2025-09-02,32,Kewpie Mayonnaise 300g,4.3,5.5,1.2,21.82,save_amount,300g,$1.43 per 100g,WASS5.50 | WASS5.50 | Kewpie Mayonnaise 300g | $1.43 per 100g | SPAM,95.35,True,single_price_evidence,https://caau.syd1.cdn.digitaloceanspaces.com/wp-content/uploads/catalogue/coles/coles-catalogue-august-26-september-2-2025-vic-metro/32.jpg,https://www.catalogueau.com/coles/#catalogue=coles/coles-catalogue-august-26-september-2-2025-vic-metro/,unit_price,unit_price,1,review
Coles,VIC METRO,"Coles Catalogue August 26 - September 2, 2025 VIC METRO",2025-08-26,2025-09-02,32,Old El Paso Tortilla Chips 350g,4.85,6.95,2.1,30.22,save_amount,350g,$1.39 per 100g,WAS$6.95 | WAS$6.95 | Old El Paso Tortilla Chips 350g | $1.39 per 100g,94.6,True,single_price_evidence,https://caau.syd1.cdn.digitaloceanspaces.com/wp-content/uploads/catalogue/coles/coles-catalogue-august-26-september-2-2025-vic-metro/32.jpg,https://www.catalogueau.com/coles/#catalogue=coles/coles-catalogue-august-26-september-2-2025-vic-metro/,unit_price,unit_price,1,review
Coles,VIC METRO,"Coles Catalogue August 26 - September 2, 2025 VIC METRO",2025-08-26,2025-09-02,32,Nongshim Shin Ramyun Noodle 5 Pack 600g,5.0,8.0,3.0,37.5,save_amount,5 Pack; 600g,$0.83 per 100g,WASS8 | WASS8 | Nongshim Shin Ramyun Noodle | 5 Pack 600g $0.83 per 100g,94.61,False,,https://caau.syd1.cdn.digitaloceanspaces.com/wp-content/uploads/catalogue/coles/coles-catalogue-august-26-september-2-2025-vic-metro/32.jpg,https://www.catalogueau.com/coles/#catalogue=coles/coles-catalogue-august-26-september-2-2025-vic-metro/,displayed_price,displayed_price;unit_price,2,verified
Coles,VIC METRO,"Coles Catalogue August 26 - September 2, 2025 VIC METRO",2025-08-26,2025-09-02,32,Spam Canned Ham 340g,5.4,6.8,1.4,20.59,save_amount,340g,$15.88 per kg,WASS6.80 | WASS6.80 | Spam Canned Ham 340g | $15.88 per kg | VIC-METRO-2708-25-462959,96.48,False,,https://caau.syd1.cdn.digitaloceanspaces.com/wp-content/uploads/catalogue/coles/coles-catalogue-august-26-september-2-2025-vic-metro/32.jpg,https://www.catalogueau.com/coles/#catalogue=coles/coles-catalogue-august-26-september-2-2025-vic-metro/,displayed_price,displayed_price;unit_price,2,verified
Coles,VIC METRO,"Coles Catalogue August 26 - September 2, 2025 VIC METRO",2025-08-26,2025-09-02,32,Praise Squeeze Whole Egg Mayonnaise 470g,6.0,8.0,2.0,25.0,save_amount,470g,$1.28 per 100g,WASS8 | WASS8 | Praise Squeeze Whole Egg | Mayonnaise 470g | $1.28 per 100g,79.0,True,low_name_confidence_strict,https://caau.syd1.cdn.digitaloceanspaces.com/wp-content/uploads/catalogue/coles/coles-catalogue-august-26-september-2-2025-vic-metro/32.jpg,https://www.catalogueau.com/coles/#catalogue=coles/coles-catalogue-august-26-september-2-2025-vic-metro/,displayed_price,displayed_price;unit_price,2,review
Coles,VIC METRO,"Coles Catalogue August 26 - September 2, 2025 VIC METRO",2025-08-26,2025-09-02,32,Cobram Estate Extra Virgin Olive Oil 750mL,20.0,25.0,5.0,20.0,save_amount,750mL,$2.67 per 100mL,WAS$25 | WAS$25 | Cobram Estate Extra Virgin | Olive Oil 750mL $2.67 per 100mL,93.84,False,,https://caau.syd1.cdn.digitaloceanspaces.com/wp-content/uploads/catalogue/coles/coles-catalogue-august-26-september-2-2025-vic-metro/32.jpg,https://www.catalogueau.com/coles/#catalogue=coles/coles-catalogue-august-26-september-2-2025-vic-metro/,displayed_price,displayed_price;unit_price,2,verified
Coles,VIC METRO,"Coles Catalogue August 26 - September 2, 2025 VIC METRO",2025-08-26,2025-09-02,32,Coles Burger Sauce 360g,3.2,,,,everyday,360g,$0.89 per 100g,Coles Burger Sauce 360g | $0.89 per 100g,96.71,True,single_price_evidence,https://caau.syd1.cdn.digitaloceanspaces.com/wp-content/uploads/catalogue/coles/coles-catalogue-august-26-september-2-2025-vic-metro/32.jpg,https://www.catalogueau.com/coles/#catalogue=coles/coles-catalogue-august-26-september-2-2025-vic-metro/,unit_price,unit_price,1,review
Coles,VIC METRO,"Coles Catalogue August 26 - September 2, 2025 VIC METRO",2025-08-26,2025-09-02,32,Cucina Matese Pasta 500g,2.8,,,,everyday,500g,$0.56 per 100g,Cucina Matese Pasta 500g | $0.56 per 100g. | *See page 31 for T&Cs,94.17,False,,https://caau.syd1.cdn.digitaloceanspaces.com/wp-content/uploads/catalogue/coles/coles-catalogue-august-26-september-2-2025-vic-metro/32.jpg,https://www.catalogueau.com/coles/#catalogue=coles/coles-catalogue-august-26-september-2-2025-vic-metro/,displayed_price,displayed_price;unit_price,2,verified
Coles,VIC METRO,"Coles Catalogue August 26 - September 2, 2025 VIC METRO",2025-08-26,2025-09-02,32,Indomie Instant Noodles 5 Pack 400g-425g,3.95,,,,everyday,5 Pack; 400g; 425g,,Indomie Instant Noodles | 5 Pack 400g-425g,93.07,True,single_price_evidence,https://caau.syd1.cdn.digitaloceanspaces.com/wp-content/uploads/catalogue/coles/coles-catalogue-august-26-september-2-2025-vic-metro/32.jpg,https://www.catalogueau.com/coles/#catalogue=coles/coles-catalogue-august-26-september-2-2025-vic-metro/,displayed_price,displayed_price,1,review
Coles,VIC METRO,"Coles Catalogue August 26 - September 2, 2025 VIC METRO",2025-08-26,2025-09-02,33,Dolmio Pasta Sauce 490g-500g,2.75,4.6,1.85,40.22,save_amount,490g; 500g,,SAVE51.85 | WASS4.60 | Dolmio Pasta Sauce 490g-500g,93.43,True,single_price_evidence,https://caau.syd1.cdn.digitaloceanspaces.com/wp-content/uploads/catalogue/coles/coles-catalogue-august-26-september-2-2025-vic-metro/33.jpg,https://www.catalogueau.com/coles/#catalogue=coles/coles-catalogue-august-26-september-2-2025-vic-metro/,unknown,,0,review
Coles,VIC METRO,"Coles Catalogue August 26 - September 2, 2025 VIC METRO",2025-08-26,2025-09-02,33,MasterFoods Squeeze Tomato or Barbecue Sauce 475mL-500mL,2.5,4.2,1.7,40.48,save_amount,475mL; 500mL,,SAVE51.70 | WASS4.20 | MasterFoods Squeeze Tomato or Barbecue | Sauce 475mL-500mL *See page 31 for T&Cs | ED | ~S | ZS | =,91.73,True,single_price_evidence,https://caau.syd1.cdn.digitaloceanspaces.com/wp-content/uploads/catalogue/coles/coles-catalogue-august-26-september-2-2025-vic-metro/33.jpg,https://www.catalogueau.com/coles/#catalogue=coles/coles-catalogue-august-26-september-2-2025-vic-metro/,unknown,,0,review
Coles,VIC METRO,"Coles Catalogue August 26 - September 2, 2025 VIC METRO",2025-08-26,2025-09-02,33,MasterFoods Ground Nutmeg 35g or Onion Powder 44g,2.28,3.8,1.52,40.0,save_amount,35g; 44g,,WAS$3.80 | WAS$3.80 | AUG 2025 | MasterFoods Ground Nutmeg 35g | or Onion Powder 44g | X.CANS | Le PACK | 4,95.52,True,inferred_price_requires_review,https://caau.syd1.cdn.digitaloceanspaces.com/wp-content/uploads/catalogue/coles/coles-catalogue-august-26-september-2-2025-vic-metro/33.jpg,https://www.catalogueau.com/coles/#catalogue=coles/coles-catalogue-august-26-september-2-2025-vic-metro/,page_discount_inference,page_discount,0,review
Coles,VIC METRO,"Coles Catalogue August 26 - September 2, 2025 VIC METRO",2025-08-26,2025-09-02,33,Gravox Gravy Canister 120g-140g,4.0,5.0,1.0,20.0,save_amount,120g; 140g,,SAVE $1 | WASS$5 | Gravox Gravy Canister | 120g-140g,92.98,False,,https://caau.syd1.cdn.digitaloceanspaces.com/wp-content/uploads/catalogue/coles/coles-catalogue-august-26-september-2-2025-vic-metro/33.jpg,https://www.catalogueau.com/coles/#catalogue=coles/coles-catalogue-august-26-september-2-2025-vic-metro/,save_was_arithmetic,displayed_price;save_was_arithmetic,2,verified
Coles,VIC METRO,"Coles Catalogue August 26 - September 2, 2025 VIC METRO",2025-08-26,2025-09-02,33,Green's Traditional Baking Mix 350g-470g,3.0,3.8,0.8,21.05,save_amount,350g; 470g,,SAVE 80‘ | WASS$3.80 | Green's Traditional Baking Mix | 350g-470g | ano,93.84,True,single_price_evidence,https://caau.syd1.cdn.digitaloceanspaces.com/wp-content/uploads/catalogue/coles/coles-catalogue-august-26-september-2-2025-vic-metro/33.jpg,https://www.catalogueau.com/coles/#catalogue=coles/coles-catalogue-august-26-september-2-2025-vic-metro/,displayed_price,displayed_price,1,review
Coles,VIC METRO,"Coles Catalogue August 26 - September 2, 2025 VIC METRO",2025-08-26,2025-09-02,33,Moro Extra Virgin Olive Oil 2.2 Litre,30.0,40.0,10.0,25.0,save_amount,2.2 Litre,$1.36 per 100mL,SAVE*10 | WASS40 | Moro Extra Virgin Olive Oil 2.2 Litre | $1.36 per 100mL,96.42,False,,https://caau.syd1.cdn.digitaloceanspaces.com/wp-content/uploads/catalogue/coles/coles-catalogue-august-26-september-2-2025-vic-metro/33.jpg,https://www.catalogueau.com/coles/#catalogue=coles/coles-catalogue-august-26-september-2-2025-vic-metro/,save_was_arithmetic,displayed_price;save_was_arithmetic,2,verified
Coles,VIC METRO,"Coles Catalogue August 26 - September 2, 2025 VIC METRO",2025-08-26,2025-09-02,33,Campbell's Real Stock 1 Litre,7.0,9.0,2.0,22.22,save_amount,1 Litre,$0.35 per 100mL,"SAVE 52 | Campbell's Real Stock 1 Litre | $0.35 per 100mL | Catalogue on sale Wed 27th Aug until Tue 2nd Sep 2025 or until Tue 9th Sep where indicated. Selected | specials commenced Wed 20th Aug. Promotional prices commence 7am Wednesday and may commence or extend | beyond the advertised date. Promotional products and prices are not available on DoorDash, UberEats or at Coles Express",96.52,True,unit_price_conflict;single_price_evidence,https://caau.syd1.cdn.digitaloceanspaces.com/wp-content/uploads/catalogue/coles/coles-catalogue-august-26-september-2-2025-vic-metro/33.jpg,https://www.catalogueau.com/coles/#catalogue=coles/coles-catalogue-august-26-september-2-2025-vic-metro/,displayed_price,displayed_price,1,review
Coles,VIC METRO,"Coles Catalogue August 26 - September 2, 2025 VIC METRO",2025-08-26,2025-09-02,33,John West Tuna Multipack 4x95g,6.5,,,,special,4x95g,$17.11 per kg,John West Tuna Multipack 4x95g | $17.11 per kg | Catalo | is | special,94.31,False,,https://caau.syd1.cdn.digitaloceanspaces.com/wp-content/uploads/catalogue/coles/coles-catalogue-august-26-september-2-2025-vic-metro/33.jpg,https://www.catalogueau.com/coles/#catalogue=coles/coles-catalogue-august-26-september-2-2025-vic-metro/,displayed_price,displayed_price;unit_price,2,verified
Coles,VIC METRO,"Coles Catalogue August 26 - September 2, 2025 VIC METRO",2025-08-26,2025-09-02,34,SEAN SUG! Maggi 2 Minute Noodles 5 Pack 3459-395g,2.5,5.0,2.5,50.0,half_price,5 Pack; 395g,,SAVES2.50 | WASS5 | SEAN SUG! | Maggi 2 Minute Noodles | 5 Pack 3459-395g,67.99,True,low_name_confidence_strict;single_price_evidence,https://caau.syd1.cdn.digitaloceanspaces.com/wp-content/uploads/catalogue/coles/coles-catalogue-august-26-september-2-2025-vic-metro/34.jpg,https://www.catalogueau.com/coles/#catalogue=coles/coles-catalogue-august-26-september-2-2025-vic-metro/,save_was_arithmetic,save_was_arithmetic,1,review
Coles,VIC METRO,"Coles Catalogue August 26 - September 2, 2025 VIC METRO",2025-08-26,2025-09-02,34,ADVERTISER PROMOTION VIC-METRO-2708-25-462959,2.0,,,,special,,,was oa OEE | was oa OEE | ADVERTISER PROMOTION | VIC-METRO-2708-25-462959,91.8,True,save_amount_missing;regular_price_missing;single_price_evidence,https://caau.syd1.cdn.digitaloceanspaces.com/wp-content/uploads/catalogue/coles/coles-catalogue-august-26-september-2-2025-vic-metro/34.jpg,https://www.catalogueau.com/coles/#catalogue=coles/coles-catalogue-august-26-september-2-2025-vic-metro/,displayed_price,displayed_price,1,review
Coles,VIC METRO,"Coles Catalogue August 26 - September 2, 2025 VIC METRO",2025-08-26,2025-09-02,35,Devondale Butter 250g,4.6,5.3,0.7,13.21,save_amount,250g,$1.84 per 100g,WAS $5.30 | WAS $5.30 | JUL 2025 | Devondale Butter 250g | $1.84 per 100g,94.22,True,single_price_evidence,https://caau.syd1.cdn.digitaloceanspaces.com/wp-content/uploads/catalogue/coles/coles-catalogue-august-26-september-2-2025-vic-metro/35.jpg,https://www.catalogueau.com/coles/#catalogue=coles/coles-catalogue-august-26-september-2-2025-vic-metro/,unit_price,unit_price,1,review
Coles,VIC METRO,"Coles Catalogue August 26 - September 2, 2025 VIC METRO",2025-08-26,2025-09-02,35,20: Perfect Italiano Grated Cheese 250g,5.8,6.5,0.7,10.77,save_amount,250g,$23.20 per kg,WAS$6.50 | WAS$6.50 | AUG 2025 | 20: | Perfect Italiano Grated | Cheese 250g $23.20 per kg | — =,79.0,True,low_name_confidence_strict,https://caau.syd1.cdn.digitaloceanspaces.com/wp-content/uploads/catalogue/coles/coles-catalogue-august-26-september-2-2025-vic-metro/35.jpg,https://www.catalogueau.com/coles/#catalogue=coles/coles-catalogue-august-26-september-2-2025-vic-metro/,displayed_price,displayed_price;unit_price,2,review
Coles,VIC METRO,"Coles Catalogue August 26 - September 2, 2025 VIC METRO",2025-08-26,2025-09-02,35,South Cape Cream Cheese 200g,5.9,6.5,0.6,9.23,save_amount,200g,$29.50 per kg,WAS $6.50 | WAS $6.50 | JUL 2025 | South Cape Cream Cheese | 200g $29.50 per kg,96.43,False,,https://caau.syd1.cdn.digitaloceanspaces.com/wp-content/uploads/catalogue/coles/coles-catalogue-august-26-september-2-2025-vic-metro/35.jpg,https://www.catalogueau.com/coles/#catalogue=coles/coles-catalogue-august-26-september-2-2025-vic-metro/,displayed_price,displayed_price;unit_price,2,verified
Coles,VIC METRO,"Coles Catalogue August 26 - September 2, 2025 VIC METRO",2025-08-26,2025-09-02,35,Pauls Plus+ Protein Yoghurt 160g,2.0,3.1,1.1,35.48,save_amount,160g,$1.25 per 100g,SAVE51.10 | WAS$3.10 | Pauls Plus+ Protein Yoghurt 160g | $1.25 per 100g | = | eS,96.7,False,,https://caau.syd1.cdn.digitaloceanspaces.com/wp-content/uploads/catalogue/coles/coles-catalogue-august-26-september-2-2025-vic-metro/35.jpg,https://www.catalogueau.com/coles/#catalogue=coles/coles-catalogue-august-26-september-2-2025-vic-metro/,displayed_price,displayed_price;unit_price,2,verified
Coles,VIC METRO,"Coles Catalogue August 26 - September 2, 2025 VIC METRO",2025-08-26,2025-09-02,35,Chobani Greek Yogurt 160g,1.85,2.7,0.85,31.48,save_amount,160g,$1.16 per 100g,SAVE85° | WASS$2.70 | Chobani Greek Yogurt 160g | $1.16 per 100g | — | Wvaalia,94.92,True,single_price_evidence,https://caau.syd1.cdn.digitaloceanspaces.com/wp-content/uploads/catalogue/coles/coles-catalogue-august-26-september-2-2025-vic-metro/35.jpg,https://www.catalogueau.com/coles/#catalogue=coles/coles-catalogue-august-26-september-2-2025-vic-metro/,unit_price,unit_price,1,review
Coles,VIC METRO,"Coles Catalogue August 26 - September 2, 2025 VIC METRO",2025-08-26,2025-09-02,35,Gippsland Dairy Twist Yogurt 160g,2.4,3.0,0.6,20.0,save_amount,160g,$1.50 per 100g,SAVE 60‘ | WASS3 | Gippsland Dairy Twist Yogurt 160g | $1.50 | $1.50 per 100g,94.57,True,single_price_evidence,https://caau.syd1.cdn.digitaloceanspaces.com/wp-content/uploads/catalogue/coles/coles-catalogue-august-26-september-2-2025-vic-metro/35.jpg,https://www.catalogueau.com/coles/#catalogue=coles/coles-catalogue-august-26-september-2-2025-vic-metro/,unit_price,unit_price,1,review
Coles,VIC METRO,"Coles Catalogue August 26 - September 2, 2025 VIC METRO",2025-08-26,2025-09-02,35,Farmers Union Greek Style or No Added Sugar Kids Yogurt Pouch 130g,1.5,2.2,0.7,31.82,save_amount,130g,$1.15 per 100g,SAVE70‘ | WAS$2.20 | Farmers Union Greek Style | or No Added Sugar Kids | Yogurt Pouch 130g | $1.15 | $1.15 per 100g | VIC-METRO-2708-25-462959,96.5,False,,https://caau.syd1.cdn.digitaloceanspaces.com/wp-content/uploads/catalogue/coles/coles-catalogue-august-26-september-2-2025-vic-metro/35.jpg,https://www.catalogueau.com/coles/#catalogue=coles/coles-catalogue-august-26-september-2-2025-vic-metro/,displayed_price,displayed_price;unit_price,2,verified
Coles,VIC METRO,"Coles Catalogue August 26 - September 2, 2025 VIC METRO",2025-08-26,2025-09-02,35,Vaalia Probiotics Kids Yoghurt Pouch 140g,1.75,2.5,0.75,30.0,save_amount,140g,$1.25 per 100g,SAVE75‘ | WASS2.50 | Vaalia Probiotics Kids | Yoghurt Pouch 140g | $1.25 per 100g | 35,95.75,True,single_price_evidence,https://caau.syd1.cdn.digitaloceanspaces.com/wp-content/uploads/catalogue/coles/coles-catalogue-august-26-september-2-2025-vic-metro/35.jpg,https://www.catalogueau.com/coles/#catalogue=coles/coles-catalogue-august-26-september-2-2025-vic-metro/,unit_price,unit_price,1,review
Coles,VIC METRO,"Coles Catalogue August 26 - September 2, 2025 VIC METRO",2025-08-26,2025-09-02,35,Western Star Spreadable Blend 375g,1.8,3.0,1.2,40.0,save_amount,375g,,SAVE*1.20 | Western Star Spreadable | Blend 375g $1.28 per | 100g. On sale for 2 weeks,95.24,True,single_price_evidence,https://caau.syd1.cdn.digitaloceanspaces.com/wp-content/uploads/catalogue/coles/coles-catalogue-august-26-september-2-2025-vic-metro/35.jpg,https://www.catalogueau.com/coles/#catalogue=coles/coles-catalogue-august-26-september-2-2025-vic-metro/,displayed_price,displayed_price,1,review
Coles,VIC METRO,"Coles Catalogue August 26 - September 2, 2025 VIC METRO",2025-08-26,2025-09-02,35,Dairy Farmers Thick & Creamy Yoghurt 550g-600g,3.85,5.5,1.65,30.0,save_amount,550g; 600g,,SAVE‘1.65 | Dairy Farmers Thick | & Creamy Yoghurt | 550g-600g | 35,94.41,True,single_price_evidence,https://caau.syd1.cdn.digitaloceanspaces.com/wp-content/uploads/catalogue/coles/coles-catalogue-august-26-september-2-2025-vic-metro/35.jpg,https://www.catalogueau.com/coles/#catalogue=coles/coles-catalogue-august-26-september-2-2025-vic-metro/,displayed_price,displayed_price,1,review
Coles,VIC METRO,"Coles Catalogue August 26 - September 2, 2025 VIC METRO",2025-08-26,2025-09-02,36,Tasmanian Heritage Double Cream Brie or Camembert 200g,5.9,11.95,6.05,50.63,save_amount,200g,$29.50 per kg,SAVE *6.05 | WASS11.95 | Tasmanian Heritage Double Cream Brie | or Camembert 200g $29.50 per kg,96.34,False,,https://caau.syd1.cdn.digitaloceanspaces.com/wp-content/uploads/catalogue/coles/coles-catalogue-august-26-september-2-2025-vic-metro/36.jpg,https://www.catalogueau.com/coles/#catalogue=coles/coles-catalogue-august-26-september-2-2025-vic-metro/,save_was_arithmetic,displayed_price;save_was_arithmetic;unit_price,3,verified
Coles,VIC METRO,"Coles Catalogue August 26 - September 2, 2025 VIC METRO",2025-08-26,2025-09-02,36,Yumi's Falafel Balls 225g,5.5,6.5,1.0,15.38,save_amount,225g,$2.44 per 100g,WAS $6.50 | WAS $6.50 | AUG 2025 | Yumi's Falafel Balls 225g | $2.44 per 100g,94.9,False,,https://caau.syd1.cdn.digitaloceanspaces.com/wp-content/uploads/catalogue/coles/coles-catalogue-august-26-september-2-2025-vic-metro/36.jpg,https://www.catalogueau.com/coles/#catalogue=coles/coles-catalogue-august-26-september-2-2025-vic-metro/,displayed_price,displayed_price;unit_price,2,verified
Coles,VIC METRO,"Coles Catalogue August 26 - September 2, 2025 VIC METRO",2025-08-26,2025-09-02,36,Yumi's Dip 200g,3.15,4.5,1.35,30.0,save_amount,200g,$1.58 per 100g,SAVE51.35 | WASS$4.50 | Yumi's Dip 200g | $1.58 per 100g,94.3,False,,https://caau.syd1.cdn.digitaloceanspaces.com/wp-content/uploads/catalogue/coles/coles-catalogue-august-26-september-2-2025-vic-metro/36.jpg,https://www.catalogueau.com/coles/#catalogue=coles/coles-catalogue-august-26-september-2-2025-vic-metro/,displayed_price,displayed_price;unit_price,2,verified
Coles,VIC METRO,"Coles Catalogue August 26 - September 2, 2025 VIC METRO",2025-08-26,2025-09-02,36,Oak Flavoured Milk 600mL,3.0,3.95,0.95,24.05,save_amount,600mL,$5.00 per litre,SAVE95* | WASS3.95 | Oak Flavoured Milk 600mL | $5.00 per litre,94.71,False,,https://caau.syd1.cdn.digitaloceanspaces.com/wp-content/uploads/catalogue/coles/coles-catalogue-august-26-september-2-2025-vic-metro/36.jpg,https://www.catalogueau.com/coles/#catalogue=coles/coles-catalogue-august-26-september-2-2025-vic-metro/,displayed_price,displayed_price;unit_price,2,verified
Coles,VIC METRO,"Coles Catalogue August 26 - September 2, 2025 VIC METRO",2025-08-26,2025-09-02,36,Babybel Mini Cheeses 5x20g,5.0,6.25,1.25,20.0,save_amount,5x20g,$50.00 per kg,SAVES1.25 | WAS$6.25 | Babybel Mini Cheeses 5x20g | $50.00 per kg. 2nd week on sale | VIC-METRO-2708-25-462959,93.06,False,,https://caau.syd1.cdn.digitaloceanspaces.com/wp-content/uploads/catalogue/coles/coles-catalogue-august-26-september-2-2025-vic-metro/36.jpg,https://www.catalogueau.com/coles/#catalogue=coles/coles-catalogue-august-26-september-2-2025-vic-metro/,save_was_arithmetic,displayed_price;save_was_arithmetic;unit_price,3,verified
Coles,VIC METRO,"Coles Catalogue August 26 - September 2, 2025 VIC METRO",2025-08-26,2025-09-02,36,Bega Cheese Block 500g,9.5,10.5,1.0,9.52,save_amount,500g,$19.00 per kg,SAVES1 | WASS10.50 | Bega Cheese Block 500g | $19.00 per kg | 36,96.48,False,,https://caau.syd1.cdn.digitaloceanspaces.com/wp-content/uploads/catalogue/coles/coles-catalogue-august-26-september-2-2025-vic-metro/36.jpg,https://www.catalogueau.com/coles/#catalogue=coles/coles-catalogue-august-26-september-2-2025-vic-metro/,save_was_arithmetic,displayed_price;save_was_arithmetic;unit_price,3,verified
Coles,VIC METRO,"Coles Catalogue August 26 - September 2, 2025 VIC METRO",2025-08-26,2025-09-02,36,Bega Cheese Slices 500g,9.5,11.0,1.5,13.64,save_amount,500g,$19.00 per kg,SAVES1.50 | WASS11 | Bega Cheese Slices 500g | $19.00 per kg,96.41,False,,https://caau.syd1.cdn.digitaloceanspaces.com/wp-content/uploads/catalogue/coles/coles-catalogue-august-26-september-2-2025-vic-metro/36.jpg,https://www.catalogueau.com/coles/#catalogue=coles/coles-catalogue-august-26-september-2-2025-vic-metro/,save_was_arithmetic,displayed_price;save_was_arithmetic;unit_price,3,verified
Coles,VIC METRO,"Coles Catalogue August 26 - September 2, 2025 VIC METRO",2025-08-26,2025-09-02,37,La Famiglia Garlic Bread Slices 270g,3.75,6.5,2.75,42.31,save_amount,270g,$1.39 per 100g,SAVE'2.75 | WAS$6.50 | La Famiglia Garlic Bread Slices | 270g $1.39 per 100g,96.41,False,,https://caau.syd1.cdn.digitaloceanspaces.com/wp-content/uploads/catalogue/coles/coles-catalogue-august-26-september-2-2025-vic-metro/37.jpg,https://www.catalogueau.com/coles/#catalogue=coles/coles-catalogue-august-26-september-2-2025-vic-metro/,save_was_arithmetic,save_was_arithmetic;unit_price,2,verified
Coles,VIC METRO,"Coles Catalogue August 26 - September 2, 2025 VIC METRO",2025-08-26,2025-09-02,37,Primo Sliced Meat 80g-100g,67.0,68.2,1.2,1.76,save_amount,80g; 100g,,SAVE ‘1.20 | Primo Sliced Meat 80g-100g,94.41,True,single_price_evidence,https://caau.syd1.cdn.digitaloceanspaces.com/wp-content/uploads/catalogue/coles/coles-catalogue-august-26-september-2-2025-vic-metro/37.jpg,https://www.catalogueau.com/coles/#catalogue=coles/coles-catalogue-august-26-september-2-2025-vic-metro/,displayed_price,displayed_price,1,review
Coles,VIC METRO,"Coles Catalogue August 26 - September 2, 2025 VIC METRO",2025-08-26,2025-09-02,37,On the Menu Filled Pasta 600g,8.0,11.0,3.0,27.27,save_amount,600g,$1.33 per 100g,WASS11 | WASS11 | On the Menu Filled Pasta 600g | $1.33 per 100g,96.11,False,,https://caau.syd1.cdn.digitaloceanspaces.com/wp-content/uploads/catalogue/coles/coles-catalogue-august-26-september-2-2025-vic-metro/37.jpg,https://www.catalogueau.com/coles/#catalogue=coles/coles-catalogue-august-26-september-2-2025-vic-metro/,displayed_price,displayed_price;unit_price,2,verified
Coles,VIC METRO,"Coles Catalogue August 26 - September 2, 2025 VIC METRO",2025-08-26,2025-09-02,37,Dari's Soup 550g,5.4,6.8,1.4,20.59,save_amount,550g,$0.98 per 100g,SAVES1.40 | WAS$6.80 | Dari's Soup 550g | $0.98 per 100g | VIC-METRO-2708-25-462959,94.65,False,,https://caau.syd1.cdn.digitaloceanspaces.com/wp-content/uploads/catalogue/coles/coles-catalogue-august-26-september-2-2025-vic-metro/37.jpg,https://www.catalogueau.com/coles/#catalogue=coles/coles-catalogue-august-26-september-2-2025-vic-metro/,save_was_arithmetic,save_was_arithmetic;unit_price,2,verified
Coles,VIC METRO,"Coles Catalogue August 26 - September 2, 2025 VIC METRO",2025-08-26,2025-09-02,37,Ocean Blue Smoked Salmon 100g,7.0,9.0,2.0,22.22,save_amount,100g,$70.00 per kg,SAVES2 | WASS9 | Ocean Blue Smoked Salmon | 100g $70.00 per kg | *For locations of Deli counter stores visit coles.com.au/range-availability | 37,95.92,False,,https://caau.syd1.cdn.digitaloceanspaces.com/wp-content/uploads/catalogue/coles/coles-catalogue-august-26-september-2-2025-vic-metro/37.jpg,https://www.catalogueau.com/coles/#catalogue=coles/coles-catalogue-august-26-september-2-2025-vic-metro/,save_was_arithmetic,save_was_arithmetic;unit_price,2,verified
Coles,VIC METRO,"Coles Catalogue August 26 - September 2, 2025 VIC METRO",2025-08-26,2025-09-02,37,Hans Twiggy Sticks 500g,11.0,16.0,5.0,31.25,save_amount,500g,$22.00 per kg,SAVESS: | ‘WASSI6 | Hans Twiggy Sticks 500g | $22.00 per kg. Selected stores only* | 2nd week on sale,96.11,False,,https://caau.syd1.cdn.digitaloceanspaces.com/wp-content/uploads/catalogue/coles/coles-catalogue-august-26-september-2-2025-vic-metro/37.jpg,https://www.catalogueau.com/coles/#catalogue=coles/coles-catalogue-august-26-september-2-2025-vic-metro/,displayed_price,displayed_price;unit_price,2,verified
Coles,VIC METRO,"Coles Catalogue August 26 - September 2, 2025 VIC METRO",2025-08-26,2025-09-02,37,Coles Sliced Honey Ham 100g,2.5,,,,special,100g,$25.00 per kg,Coles Sliced Honey Ham | 100g $25.00 per kg | NOW RESEALABLE,96.23,True,single_price_evidence,https://caau.syd1.cdn.digitaloceanspaces.com/wp-content/uploads/catalogue/coles/coles-catalogue-august-26-september-2-2025-vic-metro/37.jpg,https://www.catalogueau.com/coles/#catalogue=coles/coles-catalogue-august-26-september-2-2025-vic-metro/,unit_price,unit_price,1,review
Coles,VIC METRO,"Coles Catalogue August 26 - September 2, 2025 VIC METRO",2025-08-26,2025-09-02,37,Coles Beef Lasagne 1.8kg,12.4,,,,special,1.8kg,$0.69 per 100g,Coles Beef Lasagne 1.8kg | $0.69 per 100g | @;,94.33,True,offer_labels_missing;save_amount_missing;regular_price_missing;single_price_evidence,https://caau.syd1.cdn.digitaloceanspaces.com/wp-content/uploads/catalogue/coles/coles-catalogue-august-26-september-2-2025-vic-metro/37.jpg,https://www.catalogueau.com/coles/#catalogue=coles/coles-catalogue-august-26-september-2-2025-vic-metro/,unknown,,0,review
Coles,VIC METRO,"Coles Catalogue August 26 - September 2, 2025 VIC METRO",2025-08-26,2025-09-02,37,Ocean Blue Smoked Salmon *For locations of Deli counter stores visit coles.com.au/range-availability,4.0,,,,special,,,Ocean Blue Smoked Salmon | *For locations of Deli counter stores visit coles.com.au/range-availability | 37,93.89,True,offer_labels_missing;save_amount_missing;regular_price_missing;single_price_evidence,https://caau.syd1.cdn.digitaloceanspaces.com/wp-content/uploads/catalogue/coles/coles-catalogue-august-26-september-2-2025-vic-metro/37.jpg,https://www.catalogueau.com/coles/#catalogue=coles/coles-catalogue-august-26-september-2-2025-vic-metro/,displayed_price,displayed_price,1,review
Coles,VIC METRO,"Coles Catalogue August 26 - September 2, 2025 VIC METRO",2025-08-26,2025-09-02,38,Hong Kong Dim Sim Kitchen Pork & Chive Dumplings 300g,4.25,8.5,4.25,50.0,half_price,300g,$1.42 per 100g,SAVES4.25 | WASS8.50 | Hong Kong Dim Sim Kitchen | Pork & Chive Dumplings | 300g $1.42 per 100g | =o,96.06,False,,https://caau.syd1.cdn.digitaloceanspaces.com/wp-content/uploads/catalogue/coles/coles-catalogue-august-26-september-2-2025-vic-metro/38.jpg,https://www.catalogueau.com/coles/#catalogue=coles/coles-catalogue-august-26-september-2-2025-vic-metro/,save_was_arithmetic,save_was_arithmetic;unit_price,2,verified
Coles,VIC METRO,"Coles Catalogue August 26 - September 2, 2025 VIC METRO",2025-08-26,2025-09-02,38,Four'N Twenty Traditional Meat Pies 4 Pack 700g,4.75,9.5,4.75,50.0,half_price,4 Pack; 700g,$0.68 per 100g,SAVES4.75 | WASS$9.50 | Four'N Twenty Traditional | Meat Pies 4 Pack 700g | $0.68 per 100g,94.7,False,,https://caau.syd1.cdn.digitaloceanspaces.com/wp-content/uploads/catalogue/coles/coles-catalogue-august-26-september-2-2025-vic-metro/38.jpg,https://www.catalogueau.com/coles/#catalogue=coles/coles-catalogue-august-26-september-2-2025-vic-metro/,save_was_arithmetic,save_was_arithmetic;unit_price,2,verified
Coles,VIC METRO,"Coles Catalogue August 26 - September 2, 2025 VIC METRO",2025-08-26,2025-09-02,38,Birds Eye Oven Bake Fish Fillets 425g,6.0,12.0,6.0,50.0,half_price,425g,$14.12 per kg,SAVES6 | WASS12 | Birds Eye Oven Bake Fish | Fillets 425g $14.12 per kg | ee,95.96,False,,https://caau.syd1.cdn.digitaloceanspaces.com/wp-content/uploads/catalogue/coles/coles-catalogue-august-26-september-2-2025-vic-metro/38.jpg,https://www.catalogueau.com/coles/#catalogue=coles/coles-catalogue-august-26-september-2-2025-vic-metro/,save_was_arithmetic,displayed_price;save_was_arithmetic;unit_price,3,verified
Coles,VIC METRO,"Coles Catalogue August 26 - September 2, 2025 VIC METRO",2025-08-26,2025-09-02,38,McCain Beer Batter Chips 750g,4.0,5.8,1.8,31.03,save_amount,750g,$5.33 per kg,SAVES1.80 | WAS$5.80 | McCain Beer Batter Chips 750g | $5.33 per kg. *See page 31 forl&Cs | — | = | = | 25,96.76,False,,https://caau.syd1.cdn.digitaloceanspaces.com/wp-content/uploads/catalogue/coles/coles-catalogue-august-26-september-2-2025-vic-metro/38.jpg,https://www.catalogueau.com/coles/#catalogue=coles/coles-catalogue-august-26-september-2-2025-vic-metro/,save_was_arithmetic,save_was_arithmetic;unit_price,2,verified
Coles,VIC METRO,"Coles Catalogue August 26 - September 2, 2025 VIC METRO",2025-08-26,2025-09-02,38,King of Kings Gua Bao Buns 14 Pieces 560g,4.65,9.3,4.65,50.0,half_price,560g,$0.83 per 100g,SAVES4.65 | WASS9.30 | King of Kings Gua Bao Buns | 14 Pieces 560g $0.83 per 100g | — | X | pus | NFEATBALLSI,96.24,False,,https://caau.syd1.cdn.digitaloceanspaces.com/wp-content/uploads/catalogue/coles/coles-catalogue-august-26-september-2-2025-vic-metro/38.jpg,https://www.catalogueau.com/coles/#catalogue=coles/coles-catalogue-august-26-september-2-2025-vic-metro/,save_was_arithmetic,save_was_arithmetic;unit_price,2,verified
Coles,VIC METRO,"Coles Catalogue August 26 - September 2, 2025 VIC METRO",2025-08-26,2025-09-02,38,Dr Oetker Ristorante Pizza 310g-390g,7.0,9.5,2.5,26.32,save_amount,310g; 390g,,SAVE$2.50 | WASS$9.50 | Dr Oetker Ristorante Pizza | 310g-390g | NFEATBALLSI | BALLS) | Seana,92.82,False,,https://caau.syd1.cdn.digitaloceanspaces.com/wp-content/uploads/catalogue/coles/coles-catalogue-august-26-september-2-2025-vic-metro/38.jpg,https://www.catalogueau.com/coles/#catalogue=coles/coles-catalogue-august-26-september-2-2025-vic-metro/,save_was_arithmetic,displayed_price;save_was_arithmetic,2,verified
Coles,VIC METRO,"Coles Catalogue August 26 - September 2, 2025 VIC METRO",2025-08-26,2025-09-02,38,Tegel Take Outs Chicken Tenders 500g,9.5,14.0,4.5,32.14,save_amount,500g,$19.00 per kg,SAVES4.50 | WASSI4 | Tegel Take Outs | Chicken Tenders 500g | $19.00 per kg | VIC-METRO-2708-25-462959,96.24,False,,https://caau.syd1.cdn.digitaloceanspaces.com/wp-content/uploads/catalogue/coles/coles-catalogue-august-26-september-2-2025-vic-metro/38.jpg,https://www.catalogueau.com/coles/#catalogue=coles/coles-catalogue-august-26-september-2-2025-vic-metro/,save_was_arithmetic,save_was_arithmetic;unit_price,2,verified
Coles,VIC METRO,"Coles Catalogue August 26 - September 2, 2025 VIC METRO",2025-08-26,2025-09-02,38,McCain Pub Size Meal 480g-500,15.0,19.0,4.0,21.05,save_amount,480g,,SAVE %4 | McCain Pub Size Meal | 480g-500 | *See page 31 forl&Cs | 38,79.0,True,low_name_confidence_strict;single_price_evidence,https://caau.syd1.cdn.digitaloceanspaces.com/wp-content/uploads/catalogue/coles/coles-catalogue-august-26-september-2-2025-vic-metro/38.jpg,https://www.catalogueau.com/coles/#catalogue=coles/coles-catalogue-august-26-september-2-2025-vic-metro/,displayed_price,displayed_price,1,review
Coles,VIC METRO,"Coles Catalogue August 26 - September 2, 2025 VIC METRO",2025-08-26,2025-09-02,38,Core Powerfoods Frozen Meal 350g,15.0,19.0,4.0,21.05,save_amount,350g,,SAVE%4 | Core Powerfoods Frozen | Meal 350g $2.14 per | 100g. 2nd week on sale | 38,94.89,True,single_price_evidence,https://caau.syd1.cdn.digitaloceanspaces.com/wp-content/uploads/catalogue/coles/coles-catalogue-august-26-september-2-2025-vic-metro/38.jpg,https://www.catalogueau.com/coles/#catalogue=coles/coles-catalogue-august-26-september-2-2025-vic-metro/,displayed_price,displayed_price,1,review
Coles,VIC METRO,"Coles Catalogue August 26 - September 2, 2025 VIC METRO",2025-08-26,2025-09-02,38,Luv a Duck Frozen Whole Duck 2.1kg,19.0,28.3,9.3,32.86,save_amount,2.1kg,$9.05 per kg,WAS$28.30 | WAS$28.30 | Luv a Duck Frozen | Whole Duck 2.1kg | $9.05 per kg,94.93,False,,https://caau.syd1.cdn.digitaloceanspaces.com/wp-content/uploads/catalogue/coles/coles-catalogue-august-26-september-2-2025-vic-metro/38.jpg,https://www.catalogueau.com/coles/#catalogue=coles/coles-catalogue-august-26-september-2-2025-vic-metro/,displayed_price,displayed_price;unit_price,2,verified
Coles,VIC METRO,"Coles Catalogue August 26 - September 2, 2025 VIC METRO",2025-08-26,2025-09-02,39,Ben & Jerry's Ice Cream Tub 458mL,8.7,14.5,5.8,40.0,save_amount,458mL,$1.90 per 100mL,WASS14.50 | WASS14.50 | Ben & Jerry's Ice Cream Tub 458mL | $1.90 per 100mL,94.02,True,single_price_evidence,https://caau.syd1.cdn.digitaloceanspaces.com/wp-content/uploads/catalogue/coles/coles-catalogue-august-26-september-2-2025-vic-metro/39.jpg,https://www.catalogueau.com/coles/#catalogue=coles/coles-catalogue-august-26-september-2-2025-vic-metro/,unit_price,unit_price,1,review
Coles,VIC METRO,"Coles Catalogue August 26 - September 2, 2025 VIC METRO",2025-08-26,2025-09-02,39,Bulla Frozen Dessert Sticks 8 Pack-14 Pack 400mL-750mL,7.0,9.0,2.0,22.22,save_amount,8 Pack; 14 Pack; 400mL; 750mL,,WASS$9 | WASS$9 | Bulla Frozen Dessert Sticks | 8 Pack-14 Pack 400mL-750mL,94.2,True,single_price_evidence,https://caau.syd1.cdn.digitaloceanspaces.com/wp-content/uploads/catalogue/coles/coles-catalogue-august-26-september-2-2025-vic-metro/39.jpg,https://www.catalogueau.com/coles/#catalogue=coles/coles-catalogue-august-26-september-2-2025-vic-metro/,displayed_price,displayed_price,1,review
Coles,VIC METRO,"Coles Catalogue August 26 - September 2, 2025 VIC METRO",2025-08-26,2025-09-02,39,Connoisseur Ice Cream Tub 1 Litre,9.0,12.0,3.0,25.0,save_amount,1 Litre,$0.90 per 100mL,WASS12 | WASS12 | Connoisseur Ice Cream Tub | 1 Litre $0.90 per 100mL | =,94.63,False,,https://caau.syd1.cdn.digitaloceanspaces.com/wp-content/uploads/catalogue/coles/coles-catalogue-august-26-september-2-2025-vic-metro/39.jpg,https://www.catalogueau.com/coles/#catalogue=coles/coles-catalogue-august-26-september-2-2025-vic-metro/,displayed_price,displayed_price;unit_price,2,verified
Coles,VIC METRO,"Coles Catalogue August 26 - September 2, 2025 VIC METRO",2025-08-26,2025-09-02,39,Weis Frozen Dessert Bars 4 Pack-6 Pack 264mL-280mL,6.25,9.5,3.25,34.21,save_amount,4 Pack; 6 Pack; 264mL; 280mL,,Weis Frozen Dessert Bars | 4 Pack-6 Pack 264mL-280mL,94.05,True,offer_labels_missing;single_price_evidence,https://caau.syd1.cdn.digitaloceanspaces.com/wp-content/uploads/catalogue/coles/coles-catalogue-august-26-september-2-2025-vic-metro/39.jpg,https://www.catalogueau.com/coles/#catalogue=coles/coles-catalogue-august-26-september-2-2025-vic-metro/,unknown,,0,review
Coles,VIC METRO,"Coles Catalogue August 26 - September 2, 2025 VIC METRO",2025-08-26,2025-09-02,39,Little Moons Mochi Bites 6 Pack 192g,6.6,11.0,4.4,40.0,save_amount,6 Pack; 192g,$3.44 per 100g,WASS11 | WASS11 | Little Moons Mochi Bites 6 Pack | 192g $3.44 per 100g | Ee | 4 | tl — | i,96.27,True,single_price_evidence,https://caau.syd1.cdn.digitaloceanspaces.com/wp-content/uploads/catalogue/coles/coles-catalogue-august-26-september-2-2025-vic-metro/39.jpg,https://www.catalogueau.com/coles/#catalogue=coles/coles-catalogue-august-26-september-2-2025-vic-metro/,unit_price,unit_price,1,review
Coles,VIC METRO,"Coles Catalogue August 26 - September 2, 2025 VIC METRO",2025-08-26,2025-09-02,39,The Sweetporium Co Ice Cream Tub 1 Litre,8.0,10.0,2.0,20.0,save_amount,1 Litre,$0.80 per 100mL,WASS10 | WASS10 | The Sweetporium Co Ice Cream | Tub 1 Litre $0.80 per 100mL | SRE | Puan | A | SS,94.3,False,,https://caau.syd1.cdn.digitaloceanspaces.com/wp-content/uploads/catalogue/coles/coles-catalogue-august-26-september-2-2025-vic-metro/39.jpg,https://www.catalogueau.com/coles/#catalogue=coles/coles-catalogue-august-26-september-2-2025-vic-metro/,displayed_price,displayed_price;unit_price,2,verified
Coles,VIC METRO,"Coles Catalogue August 26 - September 2, 2025 VIC METRO",2025-08-26,2025-09-02,39,Coles Finest Sorbet Tub 500mL,7.0,,,,special,500mL,$1.40 per 100mL,Coles Finest Sorbet Tub 500mL | $1.40 per 100mL,94.77,False,,https://caau.syd1.cdn.digitaloceanspaces.com/wp-content/uploads/catalogue/coles/coles-catalogue-august-26-september-2-2025-vic-metro/39.jpg,https://www.catalogueau.com/coles/#catalogue=coles/coles-catalogue-august-26-september-2-2025-vic-metro/,displayed_price,displayed_price;unit_price,2,verified
Coles,VIC METRO,"Coles Catalogue August 26 - September 2, 2025 VIC METRO",2025-08-26,2025-09-02,40,Dettol Pro Fresh Shower Gel 950mL,6.0,12.0,6.0,50.0,half_price,950mL,$0.63 per 100mL,SAVES6 | WASS12 | Dettol Pro Fresh Shower Gel 950mL | $0.63 per 100mL. *See page 31 for T&Cs,94.46,False,,https://caau.syd1.cdn.digitaloceanspaces.com/wp-content/uploads/catalogue/coles/coles-catalogue-august-26-september-2-2025-vic-metro/40.jpg,https://www.catalogueau.com/coles/#catalogue=coles/coles-catalogue-august-26-september-2-2025-vic-metro/,save_was_arithmetic,displayed_price;save_was_arithmetic;unit_price,3,verified
Coles,VIC METRO,"Coles Catalogue August 26 - September 2, 2025 VIC METRO",2025-08-26,2025-09-02,40,Thankyou Hand Wash 500mL,5.47,10.95,5.48,50.05,half_price,500mL,$1.09 per 100mL,SAVE%5.48 | WASS10.95 | Thankyou Hand Wash 500mL | $1.09 per 100mL | ay | Bonus,94.72,False,,https://caau.syd1.cdn.digitaloceanspaces.com/wp-content/uploads/catalogue/coles/coles-catalogue-august-26-september-2-2025-vic-metro/40.jpg,https://www.catalogueau.com/coles/#catalogue=coles/coles-catalogue-august-26-september-2-2025-vic-metro/,save_was_arithmetic,save_was_arithmetic;unit_price,2,verified
Coles,VIC METRO,"Coles Catalogue August 26 - September 2, 2025 VIC METRO",2025-08-26,2025-09-02,40,Pid U By Kotex Ultra Thin Pads with Wings Regular 14 Pack or Super 12 Pack,350.5,352.0,1.5,0.43,save_amount,14 Pack; 12 Pack,,SAVES1.50 | Pid | U By Kotex Ultra Thin Pads with Wings | Regular 14 Pack or Super 12 Pack,74.88,True,low_name_confidence_strict;single_price_evidence,https://caau.syd1.cdn.digitaloceanspaces.com/wp-content/uploads/catalogue/coles/coles-catalogue-august-26-september-2-2025-vic-metro/40.jpg,https://www.catalogueau.com/coles/#catalogue=coles/coles-catalogue-august-26-september-2-2025-vic-metro/,displayed_price,displayed_price,1,review
Coles,VIC METRO,"Coles Catalogue August 26 - September 2, 2025 VIC METRO",2025-08-26,2025-09-02,40,Colgate Total Active Prevention Deep Clean or Whitening Toothpaste 115g,4.9,7.0,2.1,30.0,save_amount,115g,$4.26 per 100g,SAVES2.10 | e | Colgate Total Active Prevention Deep Clean | or Whitening Toothpaste 115g $4.26 per 100g. | *See page 31 forT&Cs | ”,96.1,True,single_price_evidence,https://caau.syd1.cdn.digitaloceanspaces.com/wp-content/uploads/catalogue/coles/coles-catalogue-august-26-september-2-2025-vic-metro/40.jpg,https://www.catalogueau.com/coles/#catalogue=coles/coles-catalogue-august-26-september-2-2025-vic-metro/,unit_price,unit_price,1,review
Coles,VIC METRO,"Coles Catalogue August 26 - September 2, 2025 VIC METRO",2025-08-26,2025-09-02,40,Head & Shoulders Clean & Balanced Anti-Dandruff Shampoo or Conditioner 400mL,9.0,15.0,6.0,40.0,save_amount,400mL,$2.25 per 100mL,SAVES | WASS15 | — | Head & Shoulders Clean & | Balanced Anti-Dandruff Shampoo | or Conditioner 400mL | $2.25 per 100mL,94.59,False,,https://caau.syd1.cdn.digitaloceanspaces.com/wp-content/uploads/catalogue/coles/coles-catalogue-august-26-september-2-2025-vic-metro/40.jpg,https://www.catalogueau.com/coles/#catalogue=coles/coles-catalogue-august-26-september-2-2025-vic-metro/,displayed_price,displayed_price;unit_price,2,verified
Coles,VIC METRO,"Coles Catalogue August 26 - September 2, 2025 VIC METRO",2025-08-26,2025-09-02,40,Tena Plus Night Continence Pants Size L 12 Pack,17.5,25.0,7.5,30.0,save_amount,12 Pack,$1.46 per each,SAVES7.50 | WAS$25 | Tena Plus Night Continence Pants | Size L 12 Pack $1.46 per each,95.67,True,single_price_evidence,https://caau.syd1.cdn.digitaloceanspaces.com/wp-content/uploads/catalogue/coles/coles-catalogue-august-26-september-2-2025-vic-metro/40.jpg,https://www.catalogueau.com/coles/#catalogue=coles/coles-catalogue-august-26-september-2-2025-vic-metro/,save_was_arithmetic,save_was_arithmetic,1,review
Coles,VIC METRO,"Coles Catalogue August 26 - September 2, 2025 VIC METRO",2025-08-26,2025-09-02,40,Skin Control Pimple Patches 36 Pack,7.0,9.0,2.0,22.22,save_amount,36 Pack,$0.19 per each,SAVES2 | WASS9 | Skin Control Pimple Patches | 36 Pack $0.19 per each | Sores | 80,94.83,False,,https://caau.syd1.cdn.digitaloceanspaces.com/wp-content/uploads/catalogue/coles/coles-catalogue-august-26-september-2-2025-vic-metro/40.jpg,https://www.catalogueau.com/coles/#catalogue=coles/coles-catalogue-august-26-september-2-2025-vic-metro/,save_was_arithmetic,displayed_price;save_was_arithmetic,2,verified
Coles,VIC METRO,"Coles Catalogue August 26 - September 2, 2025 VIC METRO",2025-08-26,2025-09-02,40,CUB Biodegradable Baby Wipes 60 Pack-80 Pack,2.0,,,,special,60 Pack; 80 Pack,,CUB Biodegradable Baby | Wipes 60 Pack-80 Pack | 40,95.4,True,offer_labels_missing;save_amount_missing;regular_price_missing;single_price_evidence,https://caau.syd1.cdn.digitaloceanspaces.com/wp-content/uploads/catalogue/coles/coles-catalogue-august-26-september-2-2025-vic-metro/40.jpg,https://www.catalogueau.com/coles/#catalogue=coles/coles-catalogue-august-26-september-2-2025-vic-metro/,displayed_price,displayed_price,1,review
Coles,VIC METRO,"Coles Catalogue August 26 - September 2, 2025 VIC METRO",2025-08-26,2025-09-02,41,Rascals Premium Nappies 26 Pack-54 Pack,15.0,,,,special,26 Pack; 54 Pack,,Rascals Premium Nappies | 26 Pack-54 Pack,94.97,True,offer_labels_missing;save_amount_missing;regular_price_missing;single_price_evidence,https://caau.syd1.cdn.digitaloceanspaces.com/wp-content/uploads/catalogue/coles/coles-catalogue-august-26-september-2-2025-vic-metro/41.jpg,https://www.catalogueau.com/coles/#catalogue=coles/coles-catalogue-august-26-september-2-2025-vic-metro/,displayed_price,displayed_price,1,review
Coles,VIC METRO,"Coles Catalogue August 26 - September 2, 2025 VIC METRO",2025-08-26,2025-09-02,41,Rascals Premium Nappy Pants 22 Pack-29 Pack,15.0,,,,special,22 Pack; 29 Pack,,Rascals Premium Nappy Pants | 22 Pack-29 Pack | 80,94.69,True,offer_labels_missing;save_amount_missing;regular_price_missing;single_price_evidence,https://caau.syd1.cdn.digitaloceanspaces.com/wp-content/uploads/catalogue/coles/coles-catalogue-august-26-september-2-2025-vic-metro/41.jpg,https://www.catalogueau.com/coles/#catalogue=coles/coles-catalogue-august-26-september-2-2025-vic-metro/,displayed_price,displayed_price,1,review
Coles,VIC METRO,"Coles Catalogue August 26 - September 2, 2025 VIC METRO",2025-08-26,2025-09-02,41,B.box Sippy Cup for Kids Assorted Colours,13.0,,,,special,,$13.00 per each,B.box Sippy Cup for | Kids Assorted Colours | 6 Month+ 1 Each | $13.00 per each,95.5,False,,https://caau.syd1.cdn.digitaloceanspaces.com/wp-content/uploads/catalogue/coles/coles-catalogue-august-26-september-2-2025-vic-metro/41.jpg,https://www.catalogueau.com/coles/#catalogue=coles/coles-catalogue-august-26-september-2-2025-vic-metro/,displayed_price,displayed_price;unit_price,2,verified
Coles,VIC METRO,"Coles Catalogue August 26 - September 2, 2025 VIC METRO",2025-08-26,2025-09-02,41,Huggies Baby Wipes 216 Pack-240 Pack,8.4,,,,special,216 Pack; 240 Pack,,Huggies Baby Wipes | 216 Pack-240 Pack | ——— | =,94.61,True,offer_labels_missing;save_amount_missing;regular_price_missing;single_price_evidence,https://caau.syd1.cdn.digitaloceanspaces.com/wp-content/uploads/catalogue/coles/coles-catalogue-august-26-september-2-2025-vic-metro/41.jpg,https://www.catalogueau.com/coles/#catalogue=coles/coles-catalogue-august-26-september-2-2025-vic-metro/,displayed_price,displayed_price,1,review
Coles,VIC METRO,"Coles Catalogue August 26 - September 2, 2025 VIC METRO",2025-08-26,2025-09-02,41,WaterWipes Baby Wipes 60 Pac,2.0,,,,special,,$8.00 per 100 each,—— | WaterWipes Baby Wipes | 60 Pac | $8.00 per 100 each,79.0,True,offer_labels_missing;save_amount_missing;regular_price_missing;low_name_confidence_strict;single_price_evidence,https://caau.syd1.cdn.digitaloceanspaces.com/wp-content/uploads/catalogue/coles/coles-catalogue-august-26-september-2-2025-vic-metro/41.jpg,https://www.catalogueau.com/coles/#catalogue=coles/coles-catalogue-august-26-september-2-2025-vic-metro/,displayed_price,displayed_price,1,review
Coles,VIC METRO,"Coles Catalogue August 26 - September 2, 2025 VIC METRO",2025-08-26,2025-09-02,41,Huggies Ultra Dry Jumbo Nappy Pants 48 Pack-62 Pack,29.0,,,,special,48 Pack; 62 Pack,,Huggies Ultra Dry | Jumbo Nappy Pants | 48 Pack-62 Pack,95.37,True,offer_labels_missing;save_amount_missing;regular_price_missing;single_price_evidence,https://caau.syd1.cdn.digitaloceanspaces.com/wp-content/uploads/catalogue/coles/coles-catalogue-august-26-september-2-2025-vic-metro/41.jpg,https://www.catalogueau.com/coles/#catalogue=coles/coles-catalogue-august-26-september-2-2025-vic-metro/,displayed_price,displayed_price,1,review
Coles,VIC METRO,"Coles Catalogue August 26 - September 2, 2025 VIC METRO",2025-08-26,2025-09-02,41,"Rafferty's Garden 4+ Months, 6+ Months",2.0,,,,special,,$1.67 per 100g,"Rafferty's Garden | 4+ Months, 6+ Months | or 8+ Months Baby Food | Pouch 120g | $1.67 per 100g | $1.67",95.01,True,offer_labels_missing;save_amount_missing;regular_price_missing;single_price_evidence,https://caau.syd1.cdn.digitaloceanspaces.com/wp-content/uploads/catalogue/coles/coles-catalogue-august-26-september-2-2025-vic-metro/41.jpg,https://www.catalogueau.com/coles/#catalogue=coles/coles-catalogue-august-26-september-2-2025-vic-metro/,displayed_price,displayed_price,1,review
Coles,VIC METRO,"Coles Catalogue August 26 - September 2, 2025 VIC METRO",2025-08-26,2025-09-02,41,"Heinz 4+ Months, 6+ Months or 8+ Months Baby Food Pouch 120g",1.6,,,,special,120g,$1.33 per 100g,"Heinz 4+ Months, | 6+ Months or 8+ Months | Baby Food Pouch 120g | $1.33 per 100g",96.39,True,single_price_evidence,https://caau.syd1.cdn.digitaloceanspaces.com/wp-content/uploads/catalogue/coles/coles-catalogue-august-26-september-2-2025-vic-metro/41.jpg,https://www.catalogueau.com/coles/#catalogue=coles/coles-catalogue-august-26-september-2-2025-vic-metro/,unit_price,unit_price,1,review
Coles,VIC METRO,"Coles Catalogue August 26 - September 2, 2025 VIC METRO",2025-08-26,2025-09-02,41,Rafferty's Garden Mini Meal 170g,2.3,,,,special,170g,$1.35 per 100g,Rafferty's Garden | Mini Meal 170g | $1.35 per 100g,94.86,True,single_price_evidence,https://caau.syd1.cdn.digitaloceanspaces.com/wp-content/uploads/catalogue/coles/coles-catalogue-august-26-september-2-2025-vic-metro/41.jpg,https://www.catalogueau.com/coles/#catalogue=coles/coles-catalogue-august-26-september-2-2025-vic-metro/,unit_price,unit_price,1,review
Coles,VIC METRO,"Coles Catalogue August 26 - September 2, 2025 VIC METRO",2025-08-26,2025-09-02,41,Karicare Toddler Milk Drink Stage 3 or 4 900g,16.0,,,,special,900g,$1.78 per 100g,Karicare Toddler Milk | Drink Stage 3 or 4 900g | $1.78 per 100g | VIC-METRO-2708-25-462959,94.98,False,,https://caau.syd1.cdn.digitaloceanspaces.com/wp-content/uploads/catalogue/coles/coles-catalogue-august-26-september-2-2025-vic-metro/41.jpg,https://www.catalogueau.com/coles/#catalogue=coles/coles-catalogue-august-26-september-2-2025-vic-metro/,displayed_price,displayed_price;unit_price,2,verified
Coles,VIC METRO,"Coles Catalogue August 26 - September 2, 2025 VIC METRO",2025-08-26,2025-09-02,42,Dove Body Wash 1 Litre,13.0,,,,special,1 Litre,$1.30 per 100mL,"Dove Body Wash 1 Litre | $1.30 per 100mL | “This medicine may not be right for you. Read the label before purchase. Follow the directions for use. | If symptoms persist, talk fo your healthcare professional. Incorrect use could be harmful.",96.76,False,,https://caau.syd1.cdn.digitaloceanspaces.com/wp-content/uploads/catalogue/coles/coles-catalogue-august-26-september-2-2025-vic-metro/42.jpg,https://www.catalogueau.com/coles/#catalogue=coles/coles-catalogue-august-26-september-2-2025-vic-metro/,displayed_price,displayed_price;unit_price,2,verified
Coles,VIC METRO,"Coles Catalogue August 26 - September 2, 2025 VIC METRO",2025-08-26,2025-09-02,42,Gillette Fusion 5 Razor Kit with 2 Refill Blades 1 Pack,15.0,,,,special,1 Pack,$15.00 per each,Gillette Fusion 5 Razor Kit | with 2 Refill Blades 1 Pack | $15.00 per each,96.55,False,,https://caau.syd1.cdn.digitaloceanspaces.com/wp-content/uploads/catalogue/coles/coles-catalogue-august-26-september-2-2025-vic-metro/42.jpg,https://www.catalogueau.com/coles/#catalogue=coles/coles-catalogue-august-26-september-2-2025-vic-metro/,displayed_price,displayed_price;unit_price,2,verified
Coles,VIC METRO,"Coles Catalogue August 26 - September 2, 2025 VIC METRO",2025-08-26,2025-09-02,42,"Ease A Cold Cough, Cold & Flu Capsules 24 Pack*",12.8,,,,special,24 Pack,$0.53 per each,"Ease A Cold Cough, Cold & Flu | Capsules 24 Pack* $0.53 per each",94.19,True,offer_labels_missing;save_amount_missing;regular_price_missing;single_price_evidence,https://caau.syd1.cdn.digitaloceanspaces.com/wp-content/uploads/catalogue/coles/coles-catalogue-august-26-september-2-2025-vic-metro/42.jpg,https://www.catalogueau.com/coles/#catalogue=coles/coles-catalogue-august-26-september-2-2025-vic-metro/,displayed_price,displayed_price,1,review
Coles,VIC METRO,"Coles Catalogue August 26 - September 2, 2025 VIC METRO",2025-08-26,2025-09-02,42,Colgate Total Active Prevention Deep Clean Charcoal Toothpaste 115g,4.9,,,,special,115g,$4.26 per 100g,Colgate Total Active | Prevention Deep Clean Charcoal | Toothpaste 115g $4.26 per 100g. | *See page 31 forT&Cs | ’ | BAD BREATH,96.07,True,single_price_evidence,https://caau.syd1.cdn.digitaloceanspaces.com/wp-content/uploads/catalogue/coles/coles-catalogue-august-26-september-2-2025-vic-metro/42.jpg,https://www.catalogueau.com/coles/#catalogue=coles/coles-catalogue-august-26-september-2-2025-vic-metro/,unit_price,unit_price,1,review
Coles,VIC METRO,"Coles Catalogue August 26 - September 2, 2025 VIC METRO",2025-08-26,2025-09-02,43,Coles Ultra Non-Scratch Mesh Sponge Scourers 3 Pack,2.8,,,,everyday,3 Pack,$0.93 per each,EVERY DAY | Coles Ultra Non-Scratch Mesh | Sponge Scourers 3 Pack | $0.93 per each | flim WS. | iN | ‘,92.96,False,,https://caau.syd1.cdn.digitaloceanspaces.com/wp-content/uploads/catalogue/coles/coles-catalogue-august-26-september-2-2025-vic-metro/43.jpg,https://www.catalogueau.com/coles/#catalogue=coles/coles-catalogue-august-26-september-2-2025-vic-metro/,displayed_price,displayed_price;unit_price,2,verified
Coles,VIC METRO,"Coles Catalogue August 26 - September 2, 2025 VIC METRO",2025-08-26,2025-09-02,43,Coles Ultra Fabric Conditioner 2 Litre,3.5,,,,everyday,2 Litre,$1.75 per litre,EVERY DAY | Coles Ultra Fabric Conditioner | 2 Litre $1.75 per litre,96.2,True,single_price_evidence,https://caau.syd1.cdn.digitaloceanspaces.com/wp-content/uploads/catalogue/coles/coles-catalogue-august-26-september-2-2025-vic-metro/43.jpg,https://www.catalogueau.com/coles/#catalogue=coles/coles-catalogue-august-26-september-2-2025-vic-metro/,unit_price,unit_price,1,review
Coles,VIC METRO,"Coles Catalogue August 26 - September 2, 2025 VIC METRO",2025-08-26,2025-09-02,43,Optix Titanium Pro Dishwashing Tablets 45 Pack,11.5,,,,everyday,45 Pack,$0.26 per each,EVERY DAY | Optix Titanium Pro Dishwashing | Tablets 45 Pack $0.26 per each | ? al | AA10 | DU | a,96.44,True,single_price_evidence,https://caau.syd1.cdn.digitaloceanspaces.com/wp-content/uploads/catalogue/coles/coles-catalogue-august-26-september-2-2025-vic-metro/43.jpg,https://www.catalogueau.com/coles/#catalogue=coles/coles-catalogue-august-26-september-2-2025-vic-metro/,displayed_price,displayed_price,1,review
Coles,VIC METRO,"Coles Catalogue August 26 - September 2, 2025 VIC METRO",2025-08-26,2025-09-02,43,Quilton 3-Ply Facial Tissues 95 Pack-110 Pack,2.0,,,,special,95 Pack; 110 Pack,,Quilton 3-Ply Facial Tissues | 95 Pack-110 Pack,79.0,True,offer_labels_missing;save_amount_missing;regular_price_missing;low_name_confidence_strict;single_price_evidence,https://caau.syd1.cdn.digitaloceanspaces.com/wp-content/uploads/catalogue/coles/coles-catalogue-august-26-september-2-2025-vic-metro/43.jpg,https://www.catalogueau.com/coles/#catalogue=coles/coles-catalogue-august-26-september-2-2025-vic-metro/,displayed_price,displayed_price,1,review
Coles,VIC METRO,"Coles Catalogue August 26 - September 2, 2025 VIC METRO",2025-08-26,2025-09-02,43,Viva Paper Towel 2 Pack,3.15,,,,special,2 Pack,$2.63 per 100,Viva Paper Towel 2 Pack | $2.63 per 100 sheets,96.45,True,offer_labels_missing;save_amount_missing;regular_price_missing;single_price_evidence,https://caau.syd1.cdn.digitaloceanspaces.com/wp-content/uploads/catalogue/coles/coles-catalogue-august-26-september-2-2025-vic-metro/43.jpg,https://www.catalogueau.com/coles/#catalogue=coles/coles-catalogue-august-26-september-2-2025-vic-metro/,displayed_price,displayed_price,1,review
Coles,VIC METRO,"Coles Catalogue August 26 - September 2, 2025 VIC METRO",2025-08-26,2025-09-02,43,Duracell Optimum Batteries AA or AAA 10 Packs,1.32,,,,special,,$1.35 per each,Duracell Optimum Batteries | AA or AAA 10 Packs $1.35 per each,96.29,True,single_price_evidence,https://caau.syd1.cdn.digitaloceanspaces.com/wp-content/uploads/catalogue/coles/coles-catalogue-august-26-september-2-2025-vic-metro/43.jpg,https://www.catalogueau.com/coles/#catalogue=coles/coles-catalogue-august-26-september-2-2025-vic-metro/,unit_price,unit_price,1,review
Coles,VIC METRO,"Coles Catalogue August 26 - September 2, 2025 VIC METRO",2025-08-26,2025-09-02,43,Earth Choice All In 1 Dishwashing Tablets 42 Pack,12.3,,,,special,42 Pack,$0.29 per each,Earth Choice | All In 1 Dishwashing | Tablets 42 Pack | $0.29 per each,93.65,True,offer_labels_missing;save_amount_missing;regular_price_missing;single_price_evidence,https://caau.syd1.cdn.digitaloceanspaces.com/wp-content/uploads/catalogue/coles/coles-catalogue-august-26-september-2-2025-vic-metro/43.jpg,https://www.catalogueau.com/coles/#catalogue=coles/coles-catalogue-august-26-september-2-2025-vic-metro/,displayed_price,displayed_price,1,review
Coles,VIC METRO,"Coles Catalogue August 26 - September 2, 2025 VIC METRO",2025-08-26,2025-09-02,44,Whiskas Oh So Cat Food 12x85g,10.2,14.5,4.3,29.66,save_amount,12x85g,$1.00 per 100g,WASS14.50 | WASS14.50 | Whiskas Oh So Cat Food 12x85g | $1.00 per 100g,93.05,True,single_price_evidence,https://caau.syd1.cdn.digitaloceanspaces.com/wp-content/uploads/catalogue/coles/coles-catalogue-august-26-september-2-2025-vic-metro/44.jpg,https://www.catalogueau.com/coles/#catalogue=coles/coles-catalogue-august-26-september-2-2025-vic-metro/,unit_price,unit_price,1,review
Coles,VIC METRO,"Coles Catalogue August 26 - September 2, 2025 VIC METRO",2025-08-26,2025-09-02,44,Love'em Dog Treats Jerky 200g,4.9,7.0,2.1,30.0,save_amount,200g,$2.45 per 100g,WAS$7 | WAS$7 | Love'em Dog Treats Jerky 200g | $2.45 per 100g | =,94.86,True,single_price_evidence,https://caau.syd1.cdn.digitaloceanspaces.com/wp-content/uploads/catalogue/coles/coles-catalogue-august-26-september-2-2025-vic-metro/44.jpg,https://www.catalogueau.com/coles/#catalogue=coles/coles-catalogue-august-26-september-2-2025-vic-metro/,unit_price,unit_price,1,review
Coles,VIC METRO,"Coles Catalogue August 26 - September 2, 2025 VIC METRO",2025-08-26,2025-09-02,44,Optimum Dry Dog Food 6.2kg-7kg,31.2,45.0,13.8,30.67,save_amount,6.2kg; 7kg,,Optimum Dry Dog Food | 6.2kg-7kg | {Ss | aA | eS,79.0,True,offer_labels_missing;low_name_confidence_strict;single_price_evidence,https://caau.syd1.cdn.digitaloceanspaces.com/wp-content/uploads/catalogue/coles/coles-catalogue-august-26-september-2-2025-vic-metro/44.jpg,https://www.catalogueau.com/coles/#catalogue=coles/coles-catalogue-august-26-september-2-2025-vic-metro/,unknown,,0,review
Coles,VIC METRO,"Coles Catalogue August 26 - September 2, 2025 VIC METRO",2025-08-26,2025-09-02,44,Temptations Cat Treats 85g,4.4,5.5,1.1,20.0,save_amount,85g,$5.18 per 100g,WASS5.50 | WASS5.50 | Temptations Cat Treats 85g | $5.18 per 100g | —,94.57,True,single_price_evidence,https://caau.syd1.cdn.digitaloceanspaces.com/wp-content/uploads/catalogue/coles/coles-catalogue-august-26-september-2-2025-vic-metro/44.jpg,https://www.catalogueau.com/coles/#catalogue=coles/coles-catalogue-august-26-september-2-2025-vic-metro/,unit_price,unit_price,1,review
Coles,VIC METRO,"Coles Catalogue August 26 - September 2, 2025 VIC METRO",2025-08-26,2025-09-02,44,Dine Daily Cat Food 7x85g,8.0,10.0,2.0,20.0,save_amount,7x85g,$1.34 per 100g,WASS10 | WASS10 | Dine Daily Cat Food 7x85g | $1.34 per 100g | $1.34,94.96,False,,https://caau.syd1.cdn.digitaloceanspaces.com/wp-content/uploads/catalogue/coles/coles-catalogue-august-26-september-2-2025-vic-metro/44.jpg,https://www.catalogueau.com/coles/#catalogue=coles/coles-catalogue-august-26-september-2-2025-vic-metro/,displayed_price,displayed_price;unit_price,2,verified
Coles,VIC METRO,"Coles Catalogue August 26 - September 2, 2025 VIC METRO",2025-08-26,2025-09-02,44,Pedigree Dentastix 7 Pack,5.5,7.0,1.5,21.43,save_amount,7 Pack,$0.79 per each,WASS7 | WASS7 | Pedigree Dentastix 7 Pack | $0.79 per each | SS,93.73,False,,https://caau.syd1.cdn.digitaloceanspaces.com/wp-content/uploads/catalogue/coles/coles-catalogue-august-26-september-2-2025-vic-metro/44.jpg,https://www.catalogueau.com/coles/#catalogue=coles/coles-catalogue-august-26-september-2-2025-vic-metro/,displayed_price,displayed_price;unit_price,2,verified
Coles,VIC METRO,"Coles Catalogue August 26 - September 2, 2025 VIC METRO",2025-08-26,2025-09-02,44,Prime Pantry Dog Roll Dog Food 1.7kg,10.2,12.7,2.5,19.69,save_amount,1.7kg,$0.60 per 100,WASS12.70 | WASS12.70 | Prime Pantry Dog Roll Dog Food | 1.7kg $0.60 per 100 | From the chilled pet food fridge,95.54,True,single_price_evidence,https://caau.syd1.cdn.digitaloceanspaces.com/wp-content/uploads/catalogue/coles/coles-catalogue-august-26-september-2-2025-vic-metro/44.jpg,https://www.catalogueau.com/coles/#catalogue=coles/coles-catalogue-august-26-september-2-2025-vic-metro/,unknown,,0,review
Coles,VIC METRO,"Coles Catalogue August 26 - September 2, 2025 VIC METRO",2025-08-26,2025-09-02,44,My Dog Dog Food Tray 100g,1.4,1.8,0.4,22.22,save_amount,100g,$1.40 per 100,My Dog Dog Food Tray 100g | $1.40 per 100 | Excludes My Dog Shredded,96.32,False,,https://caau.syd1.cdn.digitaloceanspaces.com/wp-content/uploads/catalogue/coles/coles-catalogue-august-26-september-2-2025-vic-metro/44.jpg,https://www.catalogueau.com/coles/#catalogue=coles/coles-catalogue-august-26-september-2-2025-vic-metro/,displayed_price,displayed_price;unit_price,2,verified
Coles,VIC METRO,"Coles Catalogue August 26 - September 2, 2025 VIC METRO",2025-08-26,2025-09-02,44,Woofin' Good Chicken Tenders Dog Treats 200g,12.0,,,,special,200g,$6.00 per 100g,Woofin' Good Chicken Tenders | Dog Treats 200g $6.00 per 100g,95.66,True,single_price_evidence,https://caau.syd1.cdn.digitaloceanspaces.com/wp-content/uploads/catalogue/coles/coles-catalogue-august-26-september-2-2025-vic-metro/44.jpg,https://www.catalogueau.com/coles/#catalogue=coles/coles-catalogue-august-26-september-2-2025-vic-metro/,unit_price,unit_price,1,review
Coles,VIC METRO,"Coles Catalogue August 26 - September 2, 2025 VIC METRO",2025-08-26,2025-09-02,44,Purina Lucky Dog Bones Original Dog Treats 800g,8.0,,,,special,800g,$1.00 per 100g,Purina Lucky Dog Bones Original | Dog Treats 800g $1.00 per 100g,96.47,False,,https://caau.syd1.cdn.digitaloceanspaces.com/wp-content/uploads/catalogue/coles/coles-catalogue-august-26-september-2-2025-vic-metro/44.jpg,https://www.catalogueau.com/coles/#catalogue=coles/coles-catalogue-august-26-september-2-2025-vic-metro/,displayed_price,displayed_price;unit_price,2,verified
Coles,VIC METRO,"Coles Catalogue August 26 - September 2, 2025 VIC METRO",2025-08-26,2025-09-02,46,iPad 5 64GB Premium Refurbished + Network Unlocked,287.0,339.0,52.0,15.34,save_amount,,,SAVE5200 | WAS$339 | iPad 5 64GB Premium Refurbished | + Network Unlocked | + Wi-Fi + Cell,96.03,True,single_price_evidence,https://caau.syd1.cdn.digitaloceanspaces.com/wp-content/uploads/catalogue/coles/coles-catalogue-august-26-september-2-2025-vic-metro/46.jpg,https://www.catalogueau.com/coles/#catalogue=coles/coles-catalogue-august-26-september-2-2025-vic-metro/,save_was_arithmetic,save_was_arithmetic,1,review
Coles,VIC METRO,"Coles Catalogue August 26 - September 2, 2025 VIC METRO",2025-08-26,2025-09-02,46,Vodafone,19.0,45.0,26.0,57.78,save_amount,,,SAVES26 | WASS45 | Vodafone $45 Starter Pack | + 35GB + 50GB bonus data first 3 recharges,96.08,False,,https://caau.syd1.cdn.digitaloceanspaces.com/wp-content/uploads/catalogue/coles/coles-catalogue-august-26-september-2-2025-vic-metro/46.jpg,https://www.catalogueau.com/coles/#catalogue=coles/coles-catalogue-august-26-september-2-2025-vic-metro/,save_was_arithmetic,displayed_price;save_was_arithmetic,2,verified
Coles,VIC METRO,"Coles Catalogue August 26 - September 2, 2025 VIC METRO",2025-08-26,2025-09-02,46,Lebara,10.0,24.9,14.9,59.84,save_amount,,,SAVE'14.90 | WASS$24.90 | Lebara $24.90 Starter Pack | + 25GB data/30 days | + New services only,95.33,False,,https://caau.syd1.cdn.digitaloceanspaces.com/wp-content/uploads/catalogue/coles/coles-catalogue-august-26-september-2-2025-vic-metro/46.jpg,https://www.catalogueau.com/coles/#catalogue=coles/coles-catalogue-august-26-september-2-2025-vic-metro/,save_was_arithmetic,displayed_price;save_was_arithmetic,2,verified
Coles,VIC METRO,"Coles Catalogue August 26 - September 2, 2025 VIC METRO",2025-08-26,2025-09-02,46,Belong,15.0,30.0,15.0,50.0,half_price,,,SAVES15 | WASS30 | Belong $30 Mobile SIM | * 25GB data/month | + New services only,96.83,False,,https://caau.syd1.cdn.digitaloceanspaces.com/wp-content/uploads/catalogue/coles/coles-catalogue-august-26-september-2-2025-vic-metro/46.jpg,https://www.catalogueau.com/coles/#catalogue=coles/coles-catalogue-august-26-september-2-2025-vic-metro/,save_was_arithmetic,displayed_price;save_was_arithmetic,2,verified
Coles,VIC METRO,"Coles Catalogue August 26 - September 2, 2025 VIC METRO",2025-08-26,2025-09-02,46,amaysim,10.0,25.0,15.0,60.0,save_amount,,,"WAS$25 | WAS$25 | amaysim $25 Starter Pack | + 15GB data, 28 day expiry",94.38,True,single_price_evidence,https://caau.syd1.cdn.digitaloceanspaces.com/wp-content/uploads/catalogue/coles/coles-catalogue-august-26-september-2-2025-vic-metro/46.jpg,https://www.catalogueau.com/coles/#catalogue=coles/coles-catalogue-august-26-september-2-2025-vic-metro/,displayed_price,displayed_price,1,review
Coles,VIC METRO,"Coles Catalogue August 26 - September 2, 2025 VIC METRO",2025-08-26,2025-09-02,46,"Optus moto 935 5G + 6.7"" FHD+ display",179.0,199.0,20.0,10.05,save_amount,5G,,"SAVE‘20 | WAS$199 | Optus moto 935 5G | + 6.7"" FHD+ display | + SOMP Ultrawide camera | ack offers are included in device | Ww | larranty, 30 Day Satisfaction Guarantee.",88.55,False,,https://caau.syd1.cdn.digitaloceanspaces.com/wp-content/uploads/catalogue/coles/coles-catalogue-august-26-september-2-2025-vic-metro/46.jpg,https://www.catalogueau.com/coles/#catalogue=coles/coles-catalogue-august-26-september-2-2025-vic-metro/,save_was_arithmetic,displayed_price;save_was_arithmetic,2,verified
Coles,VIC METRO,"Coles Catalogue August 26 - September 2, 2025 VIC METRO",2025-08-26,2025-09-02,46,"Optus X Tap 3 4G + 6.6"" HD+ display",129.0,149.0,20.0,13.42,save_amount,4G,,"SAVE‘S20 | WASS149 | Optus X Tap 3 4G | + 6.6"" HD+ display | + SOMP main camera | General Devices: Excluding iPhones/iPads, all devices are Network Locked. Unlocking fees ms | packa | f",92.88,False,,https://caau.syd1.cdn.digitaloceanspaces.com/wp-content/uploads/catalogue/coles/coles-catalogue-august-26-september-2-2025-vic-metro/46.jpg,https://www.catalogueau.com/coles/#catalogue=coles/coles-catalogue-august-26-september-2-2025-vic-metro/,save_was_arithmetic,displayed_price;save_was_arithmetic,2,verified
Coles,VIC METRO,"Coles Catalogue August 26 - September 2, 2025 VIC METRO",2025-08-26,2025-09-02,46,Optus X Start 4 4G « 5”,59.0,79.0,20.0,25.32,save_amount,4G,,SAVE520 | WAS$79 | Optus X Start 4 4G | « 5” | isplay | + SMP camera | iPad Premium Refurbished: Network | Inlocked. 72,74.46,True,low_name_confidence_strict;single_price_evidence,https://caau.syd1.cdn.digitaloceanspaces.com/wp-content/uploads/catalogue/coles/coles-catalogue-august-26-september-2-2025-vic-metro/46.jpg,https://www.catalogueau.com/coles/#catalogue=coles/coles-catalogue-august-26-september-2-2025-vic-metro/,displayed_price,displayed_price,1,review
Coles,VIC METRO,"Coles Catalogue August 26 - September 2, 2025 VIC METRO",2025-08-26,2025-09-02,47,"On first three recharges, 25GB from fourth",49.0,,,,special,,,"On first three recharges, | 25GB from fourth. | First recharge by 6 October 20285, | 3 December 2085, | remaining recharges by 5 December 2 | emai",79.0,True,offer_labels_missing;save_amount_missing;regular_price_missing;low_name_confidence_strict;single_price_evidence,https://caau.syd1.cdn.digitaloceanspaces.com/wp-content/uploads/catalogue/coles/coles-catalogue-august-26-september-2-2025-vic-metro/47.jpg,https://www.catalogueau.com/coles/#catalogue=coles/coles-catalogue-august-26-september-2-2025-vic-metro/,displayed_price,displayed_price,1,review
Coles,VIC METRO,"Coles Catalogue August 26 - September 2, 2025 VIC METRO",2025-08-26,2025-09-02,50,Luberon Rose 750mL,445.0,,,,special,750mL,,Luberon Rose | 750mL | S | f_-,87.28,True,offer_labels_missing;save_amount_missing;regular_price_missing;single_price_evidence,https://caau.syd1.cdn.digitaloceanspaces.com/wp-content/uploads/catalogue/coles/coles-catalogue-august-26-september-2-2025-vic-metro/50.jpg,https://www.catalogueau.com/coles/#catalogue=coles/coles-catalogue-august-26-september-2-2025-vic-metro/,displayed_price,displayed_price,1,review
Coles,VIC METRO,"Coles Catalogue August 26 - September 2, 2025 VIC METRO",2025-08-26,2025-09-02,50,Shiraz 750mL,6.0,,,,special,750mL,,Shiraz 750mL,92.63,True,offer_labels_missing;save_amount_missing;regular_price_missing;single_price_evidence,https://caau.syd1.cdn.digitaloceanspaces.com/wp-content/uploads/catalogue/coles/coles-catalogue-august-26-september-2-2025-vic-metro/50.jpg,https://www.catalogueau.com/coles/#catalogue=coles/coles-catalogue-august-26-september-2-2025-vic-metro/,displayed_price,displayed_price,1,review
Coles,VIC METRO,"Coles Catalogue August 26 - September 2, 2025 VIC METRO",2025-08-26,2025-09-02,50,Shoulder Cabernet,45.0,,,,special,,,Shoulder | Cabernet | Sauvignon | 750 mL | mi,96.75,True,offer_labels_missing;save_amount_missing;regular_price_missing;single_price_evidence,https://caau.syd1.cdn.digitaloceanspaces.com/wp-content/uploads/catalogue/coles/coles-catalogue-august-26-september-2-2025-vic-metro/50.jpg,https://www.catalogueau.com/coles/#catalogue=coles/coles-catalogue-august-26-september-2-2025-vic-metro/,displayed_price,displayed_price,1,review
Coles,VIC METRO,"Coles Catalogue August 26 - September 2, 2025 VIC METRO",2025-08-26,2025-09-02,50,Sauvignon 750mL,42.0,,,,special,750mL,,Sauvignon | 750mL,87.63,True,offer_labels_missing;save_amount_missing;regular_price_missing;single_price_evidence,https://caau.syd1.cdn.digitaloceanspaces.com/wp-content/uploads/catalogue/coles/coles-catalogue-august-26-september-2-2025-vic-metro/50.jpg,https://www.catalogueau.com/coles/#catalogue=coles/coles-catalogue-august-26-september-2-2025-vic-metro/,displayed_price,displayed_price,1,review
Coles,VIC METRO,"Coles Catalogue August 26 - September 2, 2025 VIC METRO",2025-08-26,2025-09-02,50,AND SCAN YOUR FLYBUYS Purchase 6 or more bottles of wine (excluding cask wine) in one transaction and scan or enter your Flybuys at the time of purchase,10.0,,,,special,,,"AND SCAN YOUR FLYBUYS | Purchase 6 or more bottles of wine (excluding cask wine) in one transaction and scan or enter your Flybuys at the time of purchase. | Discount applied after savings and discounts. Offer excludes stores in NT and South Hedland areas in WA and purchases | made through Uber Eats, DoorDash and Menulog. Standard Flybuys T&Cs apply at flybuys.com.a",79.0,True,offer_labels_missing;save_amount_missing;regular_price_missing;low_name_confidence_strict;single_price_evidence,https://caau.syd1.cdn.digitaloceanspaces.com/wp-content/uploads/catalogue/coles/coles-catalogue-august-26-september-2-2025-vic-metro/50.jpg,https://www.catalogueau.com/coles/#catalogue=coles/coles-catalogue-august-26-september-2-2025-vic-metro/,displayed_price,displayed_price,1,review
